2020/03/26-12:56:05.004254 7f95d9d200 RocksDB version: 6.1.2
2020/03/26-12:56:05.004408 7f95d9d200 Git sha rocksdb_build_git_sha:2b38e2dd6602a17a2010308580fd5d8c91dea650
2020/03/26-12:56:05.004415 7f95d9d200 Compile date Mar 25 2020
2020/03/26-12:56:05.004450 7f95d9d200 DB SUMMARY
2020/03/26-12:56:05.005349 7f95d9d200 CURRENT file:  CURRENT
2020/03/26-12:56:05.005358 7f95d9d200 IDENTITY file:  IDENTITY
2020/03/26-12:56:05.005383 7f95d9d200 MANIFEST file:  MANIFEST-000004 size: 122419 Bytes
2020/03/26-12:56:05.005389 7f95d9d200 SST files in /mnt/sda/mbwu-rocksdb-data dir, Total Num: 667, files: 000011.sst 000021.sst 000022.sst 000023.sst 000024.sst 000028.sst 000029.sst 000030.sst 000031.sst 
2020/03/26-12:56:05.005393 7f95d9d200 Write Ahead Log file in /mnt/sda/mbwu-rocksdb-data: 001174.log size: 114434448 ; 
2020/03/26-12:56:05.005403 7f95d9d200                         Options.error_if_exists: 0
2020/03/26-12:56:05.005407 7f95d9d200                       Options.create_if_missing: 1
2020/03/26-12:56:05.005409 7f95d9d200                         Options.paranoid_checks: 1
2020/03/26-12:56:05.005413 7f95d9d200                                     Options.env: 0x7f95ada768
2020/03/26-12:56:05.005416 7f95d9d200                                Options.info_log: 0x7f4807b0b0
2020/03/26-12:56:05.005418 7f95d9d200                Options.max_file_opening_threads: 16
2020/03/26-12:56:05.005421 7f95d9d200                              Options.statistics: (nil)
2020/03/26-12:56:05.005424 7f95d9d200                               Options.use_fsync: 0
2020/03/26-12:56:05.005427 7f95d9d200                       Options.max_log_file_size: 0
2020/03/26-12:56:05.005430 7f95d9d200                  Options.max_manifest_file_size: 1073741824
2020/03/26-12:56:05.005433 7f95d9d200                   Options.log_file_time_to_roll: 0
2020/03/26-12:56:05.005436 7f95d9d200                       Options.keep_log_file_num: 1000
2020/03/26-12:56:05.005438 7f95d9d200                    Options.recycle_log_file_num: 0
2020/03/26-12:56:05.005441 7f95d9d200                         Options.allow_fallocate: 1
2020/03/26-12:56:05.005444 7f95d9d200                        Options.allow_mmap_reads: 0
2020/03/26-12:56:05.005446 7f95d9d200                       Options.allow_mmap_writes: 0
2020/03/26-12:56:05.005449 7f95d9d200                        Options.use_direct_reads: 0
2020/03/26-12:56:05.005452 7f95d9d200                        Options.use_direct_io_for_flush_and_compaction: 0
2020/03/26-12:56:05.005454 7f95d9d200          Options.create_missing_column_families: 1
2020/03/26-12:56:05.005457 7f95d9d200                              Options.db_log_dir: 
2020/03/26-12:56:05.005460 7f95d9d200                                 Options.wal_dir: /mnt/sda/mbwu-rocksdb-data
2020/03/26-12:56:05.005463 7f95d9d200                Options.table_cache_numshardbits: 6
2020/03/26-12:56:05.005465 7f95d9d200                      Options.max_subcompactions: 1
2020/03/26-12:56:05.005467 7f95d9d200                  Options.max_background_flushes: 6
2020/03/26-12:56:05.005470 7f95d9d200                         Options.WAL_ttl_seconds: 0
2020/03/26-12:56:05.005473 7f95d9d200                       Options.WAL_size_limit_MB: 0
2020/03/26-12:56:05.005476 7f95d9d200             Options.manifest_preallocation_size: 4194304
2020/03/26-12:56:05.005478 7f95d9d200                     Options.is_fd_close_on_exec: 1
2020/03/26-12:56:05.005481 7f95d9d200                   Options.advise_random_on_open: 1
2020/03/26-12:56:05.005484 7f95d9d200                    Options.db_write_buffer_size: 0
2020/03/26-12:56:05.005486 7f95d9d200                    Options.write_buffer_manager: 0x7f48090f10
2020/03/26-12:56:05.005488 7f95d9d200         Options.access_hint_on_compaction_start: 1
2020/03/26-12:56:05.005491 7f95d9d200  Options.new_table_reader_for_compaction_inputs: 0
2020/03/26-12:56:05.005494 7f95d9d200           Options.random_access_max_buffer_size: 1048576
2020/03/26-12:56:05.005496 7f95d9d200                      Options.use_adaptive_mutex: 0
2020/03/26-12:56:05.005499 7f95d9d200                            Options.rate_limiter: (nil)
2020/03/26-12:56:05.005505 7f95d9d200     Options.sst_file_manager.rate_bytes_per_sec: 0
2020/03/26-12:56:05.005538 7f95d9d200                       Options.wal_recovery_mode: 2
2020/03/26-12:56:05.005542 7f95d9d200                  Options.enable_thread_tracking: 0
2020/03/26-12:56:05.005545 7f95d9d200                  Options.enable_pipelined_write: 0
2020/03/26-12:56:05.005547 7f95d9d200         Options.allow_concurrent_memtable_write: 1
2020/03/26-12:56:05.005550 7f95d9d200      Options.enable_write_thread_adaptive_yield: 1
2020/03/26-12:56:05.005552 7f95d9d200             Options.write_thread_max_yield_usec: 100
2020/03/26-12:56:05.005555 7f95d9d200            Options.write_thread_slow_yield_usec: 3
2020/03/26-12:56:05.005557 7f95d9d200                               Options.row_cache: None
2020/03/26-12:56:05.005560 7f95d9d200                              Options.wal_filter: None
2020/03/26-12:56:05.005563 7f95d9d200             Options.avoid_flush_during_recovery: 0
2020/03/26-12:56:05.005565 7f95d9d200             Options.allow_ingest_behind: 0
2020/03/26-12:56:05.005568 7f95d9d200             Options.preserve_deletes: 0
2020/03/26-12:56:05.005570 7f95d9d200             Options.two_write_queues: 0
2020/03/26-12:56:05.005573 7f95d9d200             Options.manual_wal_flush: 0
2020/03/26-12:56:05.005575 7f95d9d200             Options.atomic_flush: 0
2020/03/26-12:56:05.005577 7f95d9d200             Options.avoid_unnecessary_blocking_io: 0
2020/03/26-12:56:05.005583 7f95d9d200             Options.max_background_jobs: 6
2020/03/26-12:56:05.005585 7f95d9d200             Options.max_background_compactions: 6
2020/03/26-12:56:05.005588 7f95d9d200             Options.avoid_flush_during_shutdown: 0
2020/03/26-12:56:05.005591 7f95d9d200           Options.writable_file_max_buffer_size: 1048576
2020/03/26-12:56:05.005593 7f95d9d200             Options.delayed_write_rate : 16777216
2020/03/26-12:56:05.005596 7f95d9d200             Options.max_total_wal_size: 0
2020/03/26-12:56:05.005599 7f95d9d200             Options.delete_obsolete_files_period_micros: 21600000000
2020/03/26-12:56:05.005602 7f95d9d200                   Options.stats_dump_period_sec: 600
2020/03/26-12:56:05.005604 7f95d9d200                 Options.stats_persist_period_sec: 600
2020/03/26-12:56:05.005607 7f95d9d200                 Options.stats_history_buffer_size: 1048576
2020/03/26-12:56:05.005609 7f95d9d200                          Options.max_open_files: -1
2020/03/26-12:56:05.005612 7f95d9d200                          Options.bytes_per_sync: 1048576
2020/03/26-12:56:05.005615 7f95d9d200                      Options.wal_bytes_per_sync: 0
2020/03/26-12:56:05.005618 7f95d9d200       Options.compaction_readahead_size: 0
2020/03/26-12:56:05.005620 7f95d9d200 Compression algorithms supported:
2020/03/26-12:56:05.005624 7f95d9d200 	kZSTDNotFinalCompression supported: 1
2020/03/26-12:56:05.005658 7f95d9d200 	kZSTD supported: 1
2020/03/26-12:56:05.005663 7f95d9d200 	kXpressCompression supported: 0
2020/03/26-12:56:05.005666 7f95d9d200 	kLZ4HCCompression supported: 1
2020/03/26-12:56:05.005669 7f95d9d200 	kLZ4Compression supported: 1
2020/03/26-12:56:05.005672 7f95d9d200 	kBZip2Compression supported: 1
2020/03/26-12:56:05.005674 7f95d9d200 	kZlibCompression supported: 1
2020/03/26-12:56:05.005677 7f95d9d200 	kSnappyCompression supported: 1
2020/03/26-12:56:05.005684 7f95d9d200 Fast CRC32 supported: Not supported on x86
2020/03/26-12:56:05.006505 7f95d9d200 [/version_set.cc:3543] Recovering from manifest file: /mnt/sda/mbwu-rocksdb-data/MANIFEST-000004
2020/03/26-12:56:05.006736 7f95d9d200 [/column_family.cc:477] --------------- Options for column family [default]:
2020/03/26-12:56:05.006744 7f95d9d200               Options.comparator: leveldb.BytewiseComparator
2020/03/26-12:56:05.006748 7f95d9d200           Options.merge_operator: None
2020/03/26-12:56:05.006751 7f95d9d200        Options.compaction_filter: None
2020/03/26-12:56:05.006753 7f95d9d200        Options.compaction_filter_factory: None
2020/03/26-12:56:05.006756 7f95d9d200         Options.memtable_factory: SkipListFactory
2020/03/26-12:56:05.006759 7f95d9d200            Options.table_factory: BlockBasedTable
2020/03/26-12:56:05.006835 7f95d9d200            table_factory options:   flush_block_policy_factory: FlushBlockBySizePolicyFactory (0x7f4807d200)
  cache_index_and_filter_blocks: 0
  cache_index_and_filter_blocks_with_high_priority: 0
  pin_l0_filter_and_index_blocks_in_cache: 0
  pin_top_level_index_and_filter: 1
  index_type: 0
  data_block_index_type: 0
  data_block_hash_table_util_ratio: 0.750000
  hash_index_allow_collision: 1
  checksum: 1
  no_block_cache: 0
  block_cache: 0x7f4807d310
  block_cache_name: LRUCache
  block_cache_options:
    capacity : 8388608
    num_shard_bits : 4
    strict_capacity_limit : 0
    memory_allocator : None
    high_pri_pool_ratio: 0.000
  block_cache_compressed: (nil)
  persistent_cache: (nil)
  block_size: 4096
  block_size_deviation: 10
  block_restart_interval: 16
  index_block_restart_interval: 1
  metadata_block_size: 4096
  partition_filters: 0
  use_delta_encoding: 1
  filter_policy: nullptr
  whole_key_filtering: 1
  verify_compression: 0
  read_amp_bytes_per_bit: 0
  format_version: 2
  enable_index_compression: 1
  block_align: 0
2020/03/26-12:56:05.006840 7f95d9d200        Options.write_buffer_size: 134217728
2020/03/26-12:56:05.006843 7f95d9d200  Options.max_write_buffer_number: 6
2020/03/26-12:56:05.006846 7f95d9d200        Options.compression[0]: NoCompression
2020/03/26-12:56:05.006849 7f95d9d200        Options.compression[1]: NoCompression
2020/03/26-12:56:05.006852 7f95d9d200        Options.compression[2]: Snappy
2020/03/26-12:56:05.006855 7f95d9d200        Options.compression[3]: Snappy
2020/03/26-12:56:05.006857 7f95d9d200        Options.compression[4]: Snappy
2020/03/26-12:56:05.006860 7f95d9d200        Options.compression[5]: Snappy
2020/03/26-12:56:05.006862 7f95d9d200        Options.compression[6]: Snappy
2020/03/26-12:56:05.006865 7f95d9d200                  Options.bottommost_compression: Disabled
2020/03/26-12:56:05.006868 7f95d9d200       Options.prefix_extractor: nullptr
2020/03/26-12:56:05.006870 7f95d9d200   Options.memtable_insert_with_hint_prefix_extractor: nullptr
2020/03/26-12:56:05.006873 7f95d9d200             Options.num_levels: 7
2020/03/26-12:56:05.006875 7f95d9d200        Options.min_write_buffer_number_to_merge: 2
2020/03/26-12:56:05.006878 7f95d9d200     Options.max_write_buffer_number_to_maintain: 0
2020/03/26-12:56:05.006880 7f95d9d200            Options.bottommost_compression_opts.window_bits: -14
2020/03/26-12:56:05.006883 7f95d9d200                  Options.bottommost_compression_opts.level: 32767
2020/03/26-12:56:05.006886 7f95d9d200               Options.bottommost_compression_opts.strategy: 0
2020/03/26-12:56:05.006888 7f95d9d200         Options.bottommost_compression_opts.max_dict_bytes: 0
2020/03/26-12:56:05.006891 7f95d9d200         Options.bottommost_compression_opts.zstd_max_train_bytes: 0
2020/03/26-12:56:05.006893 7f95d9d200                  Options.bottommost_compression_opts.enabled: false
2020/03/26-12:56:05.006895 7f95d9d200            Options.compression_opts.window_bits: -14
2020/03/26-12:56:05.006898 7f95d9d200                  Options.compression_opts.level: 32767
2020/03/26-12:56:05.006900 7f95d9d200               Options.compression_opts.strategy: 0
2020/03/26-12:56:05.006903 7f95d9d200         Options.compression_opts.max_dict_bytes: 0
2020/03/26-12:56:05.006905 7f95d9d200         Options.compression_opts.zstd_max_train_bytes: 0
2020/03/26-12:56:05.006908 7f95d9d200                  Options.compression_opts.enabled: false
2020/03/26-12:56:05.006910 7f95d9d200      Options.level0_file_num_compaction_trigger: 2
2020/03/26-12:56:05.006913 7f95d9d200          Options.level0_slowdown_writes_trigger: 20
2020/03/26-12:56:05.006915 7f95d9d200              Options.level0_stop_writes_trigger: 36
2020/03/26-12:56:05.006918 7f95d9d200                   Options.target_file_size_base: 67108864
2020/03/26-12:56:05.006920 7f95d9d200             Options.target_file_size_multiplier: 1
2020/03/26-12:56:05.006923 7f95d9d200                Options.max_bytes_for_level_base: 536870912
2020/03/26-12:56:05.006938 7f95d9d200 Options.level_compaction_dynamic_level_bytes: 0
2020/03/26-12:56:05.006942 7f95d9d200          Options.max_bytes_for_level_multiplier: 10.000000
2020/03/26-12:56:05.006947 7f95d9d200 Options.max_bytes_for_level_multiplier_addtl[0]: 1
2020/03/26-12:56:05.006950 7f95d9d200 Options.max_bytes_for_level_multiplier_addtl[1]: 1
2020/03/26-12:56:05.006953 7f95d9d200 Options.max_bytes_for_level_multiplier_addtl[2]: 1
2020/03/26-12:56:05.006955 7f95d9d200 Options.max_bytes_for_level_multiplier_addtl[3]: 1
2020/03/26-12:56:05.006958 7f95d9d200 Options.max_bytes_for_level_multiplier_addtl[4]: 1
2020/03/26-12:56:05.006960 7f95d9d200 Options.max_bytes_for_level_multiplier_addtl[5]: 1
2020/03/26-12:56:05.006963 7f95d9d200 Options.max_bytes_for_level_multiplier_addtl[6]: 1
2020/03/26-12:56:05.006965 7f95d9d200       Options.max_sequential_skip_in_iterations: 8
2020/03/26-12:56:05.006968 7f95d9d200                    Options.max_compaction_bytes: 1677721600
2020/03/26-12:56:05.006971 7f95d9d200                        Options.arena_block_size: 16777216
2020/03/26-12:56:05.006973 7f95d9d200   Options.soft_pending_compaction_bytes_limit: 68719476736
2020/03/26-12:56:05.006976 7f95d9d200   Options.hard_pending_compaction_bytes_limit: 274877906944
2020/03/26-12:56:05.006979 7f95d9d200       Options.rate_limit_delay_max_milliseconds: 100
2020/03/26-12:56:05.006982 7f95d9d200                Options.disable_auto_compactions: 0
2020/03/26-12:56:05.006985 7f95d9d200                        Options.compaction_style: kCompactionStyleLevel
2020/03/26-12:56:05.006990 7f95d9d200                          Options.compaction_pri: kMinOverlappingRatio
2020/03/26-12:56:05.006993 7f95d9d200 Options.compaction_options_universal.size_ratio: 1
2020/03/26-12:56:05.006996 7f95d9d200 Options.compaction_options_universal.min_merge_width: 2
2020/03/26-12:56:05.006999 7f95d9d200 Options.compaction_options_universal.max_merge_width: 4294967295
2020/03/26-12:56:05.007001 7f95d9d200 Options.compaction_options_universal.max_size_amplification_percent: 200
2020/03/26-12:56:05.007004 7f95d9d200 Options.compaction_options_universal.compression_size_percent: -1
2020/03/26-12:56:05.007008 7f95d9d200 Options.compaction_options_universal.stop_style: kCompactionStopStyleTotalSize
2020/03/26-12:56:05.007011 7f95d9d200 Options.compaction_options_fifo.max_table_files_size: 1073741824
2020/03/26-12:56:05.007013 7f95d9d200 Options.compaction_options_fifo.allow_compaction: 0
2020/03/26-12:56:05.007016 7f95d9d200                   Options.table_properties_collectors: 
2020/03/26-12:56:05.007018 7f95d9d200                   Options.inplace_update_support: 0
2020/03/26-12:56:05.007021 7f95d9d200                 Options.inplace_update_num_locks: 10000
2020/03/26-12:56:05.007023 7f95d9d200               Options.memtable_prefix_bloom_size_ratio: 0.000000
2020/03/26-12:56:05.007026 7f95d9d200               Options.memtable_whole_key_filtering: 0
2020/03/26-12:56:05.007029 7f95d9d200   Options.memtable_huge_page_size: 0
2020/03/26-12:56:05.007031 7f95d9d200                           Options.bloom_locality: 0
2020/03/26-12:56:05.007033 7f95d9d200                    Options.max_successive_merges: 0
2020/03/26-12:56:05.007036 7f95d9d200                Options.optimize_filters_for_hits: 0
2020/03/26-12:56:05.007038 7f95d9d200                Options.paranoid_file_checks: 0
2020/03/26-12:56:05.007041 7f95d9d200                Options.force_consistency_checks: 0
2020/03/26-12:56:05.007043 7f95d9d200                Options.report_bg_io_stats: 0
2020/03/26-12:56:05.007046 7f95d9d200                               Options.ttl: 0
2020/03/26-12:56:05.007727 7f95d9d200 [/column_family.cc:477] --------------- Options for column family [usertable]:
2020/03/26-12:56:05.007740 7f95d9d200               Options.comparator: leveldb.BytewiseComparator
2020/03/26-12:56:05.007743 7f95d9d200           Options.merge_operator: None
2020/03/26-12:56:05.007746 7f95d9d200        Options.compaction_filter: None
2020/03/26-12:56:05.007749 7f95d9d200        Options.compaction_filter_factory: None
2020/03/26-12:56:05.007773 7f95d9d200         Options.memtable_factory: SkipListFactory
2020/03/26-12:56:05.007777 7f95d9d200            Options.table_factory: BlockBasedTable
2020/03/26-12:56:05.007818 7f95d9d200            table_factory options:   flush_block_policy_factory: FlushBlockBySizePolicyFactory (0x7f4807be50)
  cache_index_and_filter_blocks: 0
  cache_index_and_filter_blocks_with_high_priority: 0
  pin_l0_filter_and_index_blocks_in_cache: 0
  pin_top_level_index_and_filter: 1
  index_type: 0
  data_block_index_type: 0
  data_block_hash_table_util_ratio: 0.750000
  hash_index_allow_collision: 1
  checksum: 1
  no_block_cache: 0
  block_cache: 0x7f4807bff0
  block_cache_name: LRUCache
  block_cache_options:
    capacity : 8388608
    num_shard_bits : 4
    strict_capacity_limit : 0
    memory_allocator : None
    high_pri_pool_ratio: 0.000
  block_cache_compressed: (nil)
  persistent_cache: (nil)
  block_size: 4096
  block_size_deviation: 10
  block_restart_interval: 16
  index_block_restart_interval: 1
  metadata_block_size: 4096
  partition_filters: 0
  use_delta_encoding: 1
  filter_policy: nullptr
  whole_key_filtering: 1
  verify_compression: 0
  read_amp_bytes_per_bit: 0
  format_version: 2
  enable_index_compression: 1
  block_align: 0
2020/03/26-12:56:05.007823 7f95d9d200        Options.write_buffer_size: 134217728
2020/03/26-12:56:05.007826 7f95d9d200  Options.max_write_buffer_number: 6
2020/03/26-12:56:05.007829 7f95d9d200        Options.compression[0]: NoCompression
2020/03/26-12:56:05.007831 7f95d9d200        Options.compression[1]: NoCompression
2020/03/26-12:56:05.007834 7f95d9d200        Options.compression[2]: Snappy
2020/03/26-12:56:05.007836 7f95d9d200        Options.compression[3]: Snappy
2020/03/26-12:56:05.007839 7f95d9d200        Options.compression[4]: Snappy
2020/03/26-12:56:05.007842 7f95d9d200        Options.compression[5]: Snappy
2020/03/26-12:56:05.007844 7f95d9d200        Options.compression[6]: Snappy
2020/03/26-12:56:05.007847 7f95d9d200                  Options.bottommost_compression: Disabled
2020/03/26-12:56:05.007849 7f95d9d200       Options.prefix_extractor: nullptr
2020/03/26-12:56:05.007852 7f95d9d200   Options.memtable_insert_with_hint_prefix_extractor: nullptr
2020/03/26-12:56:05.007854 7f95d9d200             Options.num_levels: 7
2020/03/26-12:56:05.007856 7f95d9d200        Options.min_write_buffer_number_to_merge: 2
2020/03/26-12:56:05.007859 7f95d9d200     Options.max_write_buffer_number_to_maintain: 0
2020/03/26-12:56:05.007861 7f95d9d200            Options.bottommost_compression_opts.window_bits: -14
2020/03/26-12:56:05.007864 7f95d9d200                  Options.bottommost_compression_opts.level: 32767
2020/03/26-12:56:05.007866 7f95d9d200               Options.bottommost_compression_opts.strategy: 0
2020/03/26-12:56:05.007869 7f95d9d200         Options.bottommost_compression_opts.max_dict_bytes: 0
2020/03/26-12:56:05.007871 7f95d9d200         Options.bottommost_compression_opts.zstd_max_train_bytes: 0
2020/03/26-12:56:05.007874 7f95d9d200                  Options.bottommost_compression_opts.enabled: false
2020/03/26-12:56:05.007876 7f95d9d200            Options.compression_opts.window_bits: -14
2020/03/26-12:56:05.007879 7f95d9d200                  Options.compression_opts.level: 32767
2020/03/26-12:56:05.007881 7f95d9d200               Options.compression_opts.strategy: 0
2020/03/26-12:56:05.007884 7f95d9d200         Options.compression_opts.max_dict_bytes: 0
2020/03/26-12:56:05.007886 7f95d9d200         Options.compression_opts.zstd_max_train_bytes: 0
2020/03/26-12:56:05.007888 7f95d9d200                  Options.compression_opts.enabled: false
2020/03/26-12:56:05.007891 7f95d9d200      Options.level0_file_num_compaction_trigger: 2
2020/03/26-12:56:05.007893 7f95d9d200          Options.level0_slowdown_writes_trigger: 20
2020/03/26-12:56:05.007896 7f95d9d200              Options.level0_stop_writes_trigger: 36
2020/03/26-12:56:05.007898 7f95d9d200                   Options.target_file_size_base: 67108864
2020/03/26-12:56:05.007901 7f95d9d200             Options.target_file_size_multiplier: 1
2020/03/26-12:56:05.007917 7f95d9d200                Options.max_bytes_for_level_base: 536870912
2020/03/26-12:56:05.007922 7f95d9d200 Options.level_compaction_dynamic_level_bytes: 0
2020/03/26-12:56:05.007924 7f95d9d200          Options.max_bytes_for_level_multiplier: 10.000000
2020/03/26-12:56:05.007929 7f95d9d200 Options.max_bytes_for_level_multiplier_addtl[0]: 1
2020/03/26-12:56:05.007931 7f95d9d200 Options.max_bytes_for_level_multiplier_addtl[1]: 1
2020/03/26-12:56:05.007934 7f95d9d200 Options.max_bytes_for_level_multiplier_addtl[2]: 1
2020/03/26-12:56:05.007936 7f95d9d200 Options.max_bytes_for_level_multiplier_addtl[3]: 1
2020/03/26-12:56:05.007939 7f95d9d200 Options.max_bytes_for_level_multiplier_addtl[4]: 1
2020/03/26-12:56:05.007941 7f95d9d200 Options.max_bytes_for_level_multiplier_addtl[5]: 1
2020/03/26-12:56:05.007944 7f95d9d200 Options.max_bytes_for_level_multiplier_addtl[6]: 1
2020/03/26-12:56:05.007946 7f95d9d200       Options.max_sequential_skip_in_iterations: 8
2020/03/26-12:56:05.007949 7f95d9d200                    Options.max_compaction_bytes: 1677721600
2020/03/26-12:56:05.007951 7f95d9d200                        Options.arena_block_size: 16777216
2020/03/26-12:56:05.007954 7f95d9d200   Options.soft_pending_compaction_bytes_limit: 68719476736
2020/03/26-12:56:05.007956 7f95d9d200   Options.hard_pending_compaction_bytes_limit: 274877906944
2020/03/26-12:56:05.007959 7f95d9d200       Options.rate_limit_delay_max_milliseconds: 100
2020/03/26-12:56:05.007961 7f95d9d200                Options.disable_auto_compactions: 0
2020/03/26-12:56:05.007964 7f95d9d200                        Options.compaction_style: kCompactionStyleLevel
2020/03/26-12:56:05.007967 7f95d9d200                          Options.compaction_pri: kMinOverlappingRatio
2020/03/26-12:56:05.007970 7f95d9d200 Options.compaction_options_universal.size_ratio: 1
2020/03/26-12:56:05.007973 7f95d9d200 Options.compaction_options_universal.min_merge_width: 2
2020/03/26-12:56:05.007975 7f95d9d200 Options.compaction_options_universal.max_merge_width: 4294967295
2020/03/26-12:56:05.007978 7f95d9d200 Options.compaction_options_universal.max_size_amplification_percent: 200
2020/03/26-12:56:05.007980 7f95d9d200 Options.compaction_options_universal.compression_size_percent: -1
2020/03/26-12:56:05.007983 7f95d9d200 Options.compaction_options_universal.stop_style: kCompactionStopStyleTotalSize
2020/03/26-12:56:05.007986 7f95d9d200 Options.compaction_options_fifo.max_table_files_size: 1073741824
2020/03/26-12:56:05.007988 7f95d9d200 Options.compaction_options_fifo.allow_compaction: 0
2020/03/26-12:56:05.007991 7f95d9d200                   Options.table_properties_collectors: 
2020/03/26-12:56:05.007993 7f95d9d200                   Options.inplace_update_support: 0
2020/03/26-12:56:05.007996 7f95d9d200                 Options.inplace_update_num_locks: 10000
2020/03/26-12:56:05.007998 7f95d9d200               Options.memtable_prefix_bloom_size_ratio: 0.000000
2020/03/26-12:56:05.008001 7f95d9d200               Options.memtable_whole_key_filtering: 0
2020/03/26-12:56:05.008003 7f95d9d200   Options.memtable_huge_page_size: 0
2020/03/26-12:56:05.008006 7f95d9d200                           Options.bloom_locality: 0
2020/03/26-12:56:05.008008 7f95d9d200                    Options.max_successive_merges: 0
2020/03/26-12:56:05.008011 7f95d9d200                Options.optimize_filters_for_hits: 0
2020/03/26-12:56:05.008013 7f95d9d200                Options.paranoid_file_checks: 0
2020/03/26-12:56:05.008016 7f95d9d200                Options.force_consistency_checks: 0
2020/03/26-12:56:05.008018 7f95d9d200                Options.report_bg_io_stats: 0
2020/03/26-12:56:05.008021 7f95d9d200                               Options.ttl: 0
2020/03/26-12:56:06.086266 7f95d9d200 [/version_set.cc:3757] Recovered from manifest file:/mnt/sda/mbwu-rocksdb-data/MANIFEST-000004 succeeded,manifest_file_number is 4, next_file_number is 1181, last_sequence is 10425479, log_number is 1174,prev_log_number is 0,max_column_family is 1,min_log_number_to_keep is 0
2020/03/26-12:56:06.086506 7f95d9d200 [/version_set.cc:3766] Column family [default] (ID 0), log number is 0
2020/03/26-12:56:06.086532 7f95d9d200 [/version_set.cc:3766] Column family [usertable] (ID 1), log number is 1174
2020/03/26-12:56:06.095670 7f95d9d200 EVENT_LOG_v1 {"time_micros": 1585227366095627, "job": 1, "event": "recovery_started", "log_files": [1174]}
2020/03/26-12:56:06.095734 7f95d9d200 [/db_impl_open.cc:583] Recovering log #1174 mode 2
2020/03/26-12:56:06.598119 7f95d9d200 [/version_set.cc:3036] Creating manifest 1181
2020/03/26-12:56:07.252335 7f95d9d200 EVENT_LOG_v1 {"time_micros": 1585227367252308, "cf_name": "usertable", "job": 1, "event": "table_file_creation", "file_number": 1182, "file_size": 115458344, "table_properties": {"data_size": 114437694, "index_size": 1019903, "filter_size": 0, "raw_key_size": 663888, "raw_average_key_size": 24, "raw_value_size": 113303552, "raw_average_value_size": 4096, "num_data_blocks": 27662, "num_entries": 27662, "filter_policy_name": ""}}
2020/03/26-12:56:07.294830 7f95d9d200 EVENT_LOG_v1 {"time_micros": 1585227367294820, "job": 1, "event": "recovery_finished"}
2020/03/26-12:56:07.373279 7f95d9d200 DB pointer 0x7f4808a0b0
2020/03/26-12:56:07.375702 7f01fff200 [/db_impl.cc:777] ------- DUMPING STATS -------
2020/03/26-12:56:07.375791 7f01fff200 [/db_impl.cc:778] 
** DB Stats **
Uptime(secs): 2.4 total, 2.4 interval
Cumulative writes: 0 writes, 0 keys, 0 commit groups, 0.0 writes per commit group, ingest: 0.00 GB, 0.00 MB/s
Cumulative WAL: 0 writes, 0 syncs, 0.00 writes per sync, written: 0.00 GB, 0.00 MB/s
Cumulative stall: 00:00:0.000 H:M:S, 0.0 percent
Interval writes: 0 writes, 0 keys, 0 commit groups, 0.0 writes per commit group, ingest: 0.00 MB, 0.00 MB/s
Interval WAL: 0 writes, 0 syncs, 0.00 writes per sync, written: 0.00 MB, 0.00 MB/s
Interval stall: 00:00:0.000 H:M:S, 0.0 percent

** Compaction Stats [default] **
Level    Files   Size     Score Read(GB)  Rn(GB) Rnp1(GB) Write(GB) Wnew(GB) Moved(GB) W-Amp Rd(MB/s) Wr(MB/s) Comp(sec) CompMergeCPU(sec) Comp(cnt) Avg(sec) KeyIn KeyDrop
----------------------------------------------------------------------------------------------------------------------------------------------------------------------------
 Sum      0/0    0.00 KB   0.0      0.0     0.0      0.0       0.0      0.0       0.0   0.0      0.0      0.0      0.00              0.00         0    0.000       0      0
 Int      0/0    0.00 KB   0.0      0.0     0.0      0.0       0.0      0.0       0.0   0.0      0.0      0.0      0.00              0.00         0    0.000       0      0

** Compaction Stats [default] **
Priority    Files   Size     Score Read(GB)  Rn(GB) Rnp1(GB) Write(GB) Wnew(GB) Moved(GB) W-Amp Rd(MB/s) Wr(MB/s) Comp(sec) CompMergeCPU(sec) Comp(cnt) Avg(sec) KeyIn KeyDrop
-------------------------------------------------------------------------------------------------------------------------------------------------------------------------------
Uptime(secs): 2.4 total, 2.4 interval
Flush(GB): cumulative 0.000, interval 0.000
AddFile(GB): cumulative 0.000, interval 0.000
AddFile(Total Files): cumulative 0, interval 0
AddFile(L0 Files): cumulative 0, interval 0
AddFile(Keys): cumulative 0, interval 0
Cumulative compaction: 0.00 GB write, 0.00 MB/s write, 0.00 GB read, 0.00 MB/s read, 0.0 seconds
Interval compaction: 0.00 GB write, 0.00 MB/s write, 0.00 GB read, 0.00 MB/s read, 0.0 seconds
Stalls(count): 0 level0_slowdown, 0 level0_slowdown_with_compaction, 0 level0_numfiles, 0 level0_numfiles_with_compaction, 0 stop for pending_compaction_bytes, 0 slowdown for pending_compaction_bytes, 0 memtable_compaction, 0 memtable_slowdown, interval 0 total count

** File Read Latency Histogram By Level [default] **

** Compaction Stats [usertable] **
Level    Files   Size     Score Read(GB)  Rn(GB) Rnp1(GB) Write(GB) Wnew(GB) Moved(GB) W-Amp Rd(MB/s) Wr(MB/s) Comp(sec) CompMergeCPU(sec) Comp(cnt) Avg(sec) KeyIn KeyDrop
----------------------------------------------------------------------------------------------------------------------------------------------------------------------------
  L0      2/1   359.81 MB   0.5      0.0     0.0      0.0       0.1      0.1       0.0   1.0      0.0    185.4      0.59              0.00         1    0.594       0      0
  L1      2/0   489.65 MB   1.0      0.0     0.0      0.0       0.0      0.0       0.0   0.0      0.0      0.0      0.00              0.00         0    0.000       0      0
  L2     83/0    5.00 GB   1.0      0.0     0.0      0.0       0.0      0.0       0.0   0.0      0.0      0.0      0.00              0.00         0    0.000       0      0
  L3    581/0   34.55 GB   0.7      0.0     0.0      0.0       0.0      0.0       0.0   0.0      0.0      0.0      0.00              0.00         0    0.000       0      0
 Sum    668/1   40.37 GB   0.0      0.0     0.0      0.0       0.1      0.1       0.0   1.0      0.0    185.4      0.59              0.00         1    0.594       0      0
 Int      0/0    0.00 KB   0.0      0.0     0.0      0.0       0.1      0.1       0.0   1.0      0.0    185.4      0.59              0.00         1    0.594       0      0

** Compaction Stats [usertable] **
Priority    Files   Size     Score Read(GB)  Rn(GB) Rnp1(GB) Write(GB) Wnew(GB) Moved(GB) W-Amp Rd(MB/s) Wr(MB/s) Comp(sec) CompMergeCPU(sec) Comp(cnt) Avg(sec) KeyIn KeyDrop
-------------------------------------------------------------------------------------------------------------------------------------------------------------------------------
User      0/0    0.00 KB   0.0      0.0     0.0      0.0       0.1      0.1       0.0   0.0      0.0    185.4      0.59              0.00         1    0.594       0      0
Uptime(secs): 2.4 total, 2.4 interval
Flush(GB): cumulative 0.108, interval 0.108
AddFile(GB): cumulative 0.000, interval 0.000
AddFile(Total Files): cumulative 0, interval 0
AddFile(L0 Files): cumulative 0, interval 0
AddFile(Keys): cumulative 0, interval 0
Cumulative compaction: 0.11 GB write, 46.50 MB/s write, 0.00 GB read, 0.00 MB/s read, 0.6 seconds
Interval compaction: 0.11 GB write, 46.50 MB/s write, 0.00 GB read, 0.00 MB/s read, 0.6 seconds
Stalls(count): 0 level0_slowdown, 0 level0_slowdown_with_compaction, 0 level0_numfiles, 0 level0_numfiles_with_compaction, 0 stop for pending_compaction_bytes, 0 slowdown for pending_compaction_bytes, 0 memtable_compaction, 0 memtable_slowdown, interval 0 total count

** File Read Latency Histogram By Level [usertable] **

** Compaction Stats [default] **
Level    Files   Size     Score Read(GB)  Rn(GB) Rnp1(GB) Write(GB) Wnew(GB) Moved(GB) W-Amp Rd(MB/s) Wr(MB/s) Comp(sec) CompMergeCPU(sec) Comp(cnt) Avg(sec) KeyIn KeyDrop
----------------------------------------------------------------------------------------------------------------------------------------------------------------------------
 Sum      0/0    0.00 KB   0.0      0.0     0.0      0.0       0.0      0.0       0.0   0.0      0.0      0.0      0.00              0.00         0    0.000       0      0
 Int      0/0    0.00 KB   0.0      0.0     0.0      0.0       0.0      0.0       0.0   0.0      0.0      0.0      0.00              0.00         0    0.000       0      0

** Compaction Stats [default] **
Priority    Files   Size     Score Read(GB)  Rn(GB) Rnp1(GB) Write(GB) Wnew(GB) Moved(GB) W-Amp Rd(MB/s) Wr(MB/s) Comp(sec) CompMergeCPU(sec) Comp(cnt) Avg(sec) KeyIn KeyDrop
-------------------------------------------------------------------------------------------------------------------------------------------------------------------------------
Uptime(secs): 2.4 total, 0.0 interval
Flush(GB): cumulative 0.000, interval 0.000
AddFile(GB): cumulative 0.000, interval 0.000
AddFile(Total Files): cumulative 0, interval 0
AddFile(L0 Files): cumulative 0, interval 0
AddFile(Keys): cumulative 0, interval 0
Cumulative compaction: 0.00 GB write, 0.00 MB/s write, 0.00 GB read, 0.00 MB/s read, 0.0 seconds
Interval compaction: 0.00 GB write, 0.00 MB/s write, 0.00 GB read, 0.00 MB/s read, 0.0 seconds
Stalls(count): 0 level0_slowdown, 0 level0_slowdown_with_compaction, 0 level0_numfiles, 0 level0_numfiles_with_compaction, 0 stop for pending_compaction_bytes, 0 slowdown for pending_compaction_bytes, 0 memtable_compaction, 0 memtable_slowdown, interval 0 total count

** File Read Latency Histogram By Level [default] **

** Compaction Stats [usertable] **
Level    Files   Size     Score Read(GB)  Rn(GB) Rnp1(GB) Write(GB) Wnew(GB) Moved(GB) W-Amp Rd(MB/s) Wr(MB/s) Comp(sec) CompMergeCPU(sec) Comp(cnt) Avg(sec) KeyIn KeyDrop
----------------------------------------------------------------------------------------------------------------------------------------------------------------------------
  L0      2/1   359.81 MB   0.5      0.0     0.0      0.0       0.1      0.1       0.0   1.0      0.0    185.4      0.59              0.00         1    0.594       0      0
  L1      2/0   489.65 MB   1.0      0.0     0.0      0.0       0.0      0.0       0.0   0.0      0.0      0.0      0.00              0.00         0    0.000       0      0
  L2     83/0    5.00 GB   1.0      0.0     0.0      0.0       0.0      0.0       0.0   0.0      0.0      0.0      0.00              0.00         0    0.000       0      0
  L3    581/0   34.55 GB   0.7      0.0     0.0      0.0       0.0      0.0       0.0   0.0      0.0      0.0      0.00              0.00         0    0.000       0      0
 Sum    668/1   40.37 GB   0.0      0.0     0.0      0.0       0.1      0.1       0.0   1.0      0.0    185.4      0.59              0.00         1    0.594       0      0
 Int      0/0    0.00 KB   0.0      0.0     0.0      0.0       0.0      0.0       0.0   0.0      0.0      0.0      0.00              0.00         0    0.000       0      0

** Compaction Stats [usertable] **
Priority    Files   Size     Score Read(GB)  Rn(GB) Rnp1(GB) Write(GB) Wnew(GB) Moved(GB) W-Amp Rd(MB/s) Wr(MB/s) Comp(sec) CompMergeCPU(sec) Comp(cnt) Avg(sec) KeyIn KeyDrop
-------------------------------------------------------------------------------------------------------------------------------------------------------------------------------
User      0/0    0.00 KB   0.0      0.0     0.0      0.0       0.1      0.1       0.0   0.0      0.0    185.4      0.59              0.00         1    0.594       0      0
Uptime(secs): 2.4 total, 0.0 interval
Flush(GB): cumulative 0.108, interval 0.000
AddFile(GB): cumulative 0.000, interval 0.000
AddFile(Total Files): cumulative 0, interval 0
AddFile(L0 Files): cumulative 0, interval 0
AddFile(Keys): cumulative 0, interval 0
Cumulative compaction: 0.11 GB write, 46.50 MB/s write, 0.00 GB read, 0.00 MB/s read, 0.6 seconds
Interval compaction: 0.00 GB write, 0.00 MB/s write, 0.00 GB read, 0.00 MB/s read, 0.0 seconds
Stalls(count): 0 level0_slowdown, 0 level0_slowdown_with_compaction, 0 level0_numfiles, 0 level0_numfiles_with_compaction, 0 stop for pending_compaction_bytes, 0 slowdown for pending_compaction_bytes, 0 memtable_compaction, 0 memtable_slowdown, interval 0 total count

** File Read Latency Histogram By Level [usertable] **
2020/03/26-12:56:07.402981 7f42fff200 (Original Log Time 2020/03/26-12:56:07.371549) [/db_impl_compaction_flush.cc:2536] [usertable] Moving #1182 to level-1 115458344 bytes
2020/03/26-12:56:07.403003 7f42fff200 (Original Log Time 2020/03/26-12:56:07.402493) EVENT_LOG_v1 {"time_micros": 1585227367402463, "job": 3, "event": "trivial_move", "destination_level": 1, "files": 1, "total_files_size": 115458344}
2020/03/26-12:56:07.403013 7f42fff200 (Original Log Time 2020/03/26-12:56:07.402542) [/db_impl_compaction_flush.cc:2565] [usertable] Moved #1 files to level-1 115458344 bytes OK: files[1 3 83 581 0 0 0] max score 1.17
2020/03/26-12:56:07.404019 7f42fff200 [/compaction_job.cc:1645] [usertable] [JOB 4] Compacting 1@1 files to L2, score 1.17
2020/03/26-12:56:07.404083 7f42fff200 [/compaction_job.cc:1649] [usertable] Compaction start summary: Base version 6 Base level 1, inputs: [1168(244MB)]
2020/03/26-12:56:07.404221 7f42fff200 EVENT_LOG_v1 {"time_micros": 1585227367404123, "job": 4, "event": "compaction_started", "compaction_reason": "LevelMaxLevelSize", "files_L1": [1168], "score": 1.17141, "input_data_size": 256719444}
2020/03/26-12:56:08.470327 7f42fff200 [/compaction_job.cc:1332] [usertable] [JOB 4] Generated table #1186: 16223 keys, 67326095 bytes
2020/03/26-12:56:08.470404 7f42fff200 EVENT_LOG_v1 {"time_micros": 1585227368470386, "cf_name": "usertable", "job": 4, "event": "table_file_creation", "file_number": 1186, "file_size": 67326095, "table_properties": {"data_size": 67114551, "index_size": 597929, "filter_size": 0, "raw_key_size": 389352, "raw_average_key_size": 24, "raw_value_size": 66449408, "raw_average_value_size": 4096, "num_data_blocks": 16223, "num_entries": 16223, "filter_policy_name": ""}}
2020/03/26-12:56:09.492003 7f42fff200 [/compaction_job.cc:1332] [usertable] [JOB 4] Generated table #1187: 16223 keys, 67326136 bytes
2020/03/26-12:56:09.492079 7f42fff200 EVENT_LOG_v1 {"time_micros": 1585227369492059, "cf_name": "usertable", "job": 4, "event": "table_file_creation", "file_number": 1187, "file_size": 67326136, "table_properties": {"data_size": 67114551, "index_size": 597931, "filter_size": 0, "raw_key_size": 389352, "raw_average_key_size": 24, "raw_value_size": 66449408, "raw_average_value_size": 4096, "num_data_blocks": 16223, "num_entries": 16223, "filter_policy_name": ""}}
2020/03/26-12:56:10.525815 7f42fff200 [/compaction_job.cc:1332] [usertable] [JOB 4] Generated table #1188: 16223 keys, 67326155 bytes
2020/03/26-12:56:10.525894 7f42fff200 EVENT_LOG_v1 {"time_micros": 1585227370525876, "cf_name": "usertable", "job": 4, "event": "table_file_creation", "file_number": 1188, "file_size": 67326155, "table_properties": {"data_size": 67114551, "index_size": 597931, "filter_size": 0, "raw_key_size": 389352, "raw_average_key_size": 24, "raw_value_size": 66449408, "raw_average_value_size": 4096, "num_data_blocks": 16223, "num_entries": 16223, "filter_policy_name": ""}}
2020/03/26-12:56:11.329360 7f42fff200 [/compaction_job.cc:1332] [usertable] [JOB 4] Generated table #1189: 12837 keys, 53274258 bytes
2020/03/26-12:56:11.329438 7f42fff200 EVENT_LOG_v1 {"time_micros": 1585227371329420, "cf_name": "usertable", "job": 4, "event": "table_file_creation", "file_number": 1189, "file_size": 53274258, "table_properties": {"data_size": 53106669, "index_size": 473025, "filter_size": 0, "raw_key_size": 308088, "raw_average_key_size": 24, "raw_value_size": 52580352, "raw_average_value_size": 4096, "num_data_blocks": 12837, "num_entries": 12837, "filter_policy_name": ""}}
2020/03/26-12:56:11.346269 7f42fff200 [/compaction_job.cc:1395] [usertable] [JOB 4] Compacted 1@1 files to L2 => 255252644 bytes
2020/03/26-12:56:11.375649 7f42fff200 (Original Log Time 2020/03/26-12:56:11.375412) [/compaction_job.cc:768] [usertable] compacted to: files[1 2 87 581 0 0 0] max score 1.05, MB/sec: 65.4 rd, 65.0 wr, level 2, files in(1, 0) out(4) MB in(244.8, 0.0) out(243.4), read-write-amplify(2.0) write-amplify(1.0) OK, records in: 61506, records dropped: 0 output_compression: Snappy
