2020/01/26-20:15:39.615679 7f773c8e1700 RocksDB version: 6.1.2
2020/01/26-20:15:39.615835 7f773c8e1700 Git sha rocksdb_build_git_sha:
2020/01/26-20:15:39.615842 7f773c8e1700 Compile date Aug  1 2019
2020/01/26-20:15:39.615863 7f773c8e1700 DB SUMMARY
2020/01/26-20:15:39.615918 7f773c8e1700 SST files in /mnt/sdb/mbwu-rocksdb-data dir, Total Num: 0, files: 
2020/01/26-20:15:39.615925 7f773c8e1700 Write Ahead Log file in /mnt/sdb/mbwu-rocksdb-data: 
2020/01/26-20:15:39.615931 7f773c8e1700                         Options.error_if_exists: 0
2020/01/26-20:15:39.615934 7f773c8e1700                       Options.create_if_missing: 1
2020/01/26-20:15:39.615937 7f773c8e1700                         Options.paranoid_checks: 1
2020/01/26-20:15:39.615939 7f773c8e1700                                     Options.env: 0x7f7737ffbe80
2020/01/26-20:15:39.615942 7f773c8e1700                                Options.info_log: 0x7f76540a6e80
2020/01/26-20:15:39.615945 7f773c8e1700                Options.max_file_opening_threads: 16
2020/01/26-20:15:39.615947 7f773c8e1700                              Options.statistics: (nil)
2020/01/26-20:15:39.615950 7f773c8e1700                               Options.use_fsync: 0
2020/01/26-20:15:39.615952 7f773c8e1700                       Options.max_log_file_size: 0
2020/01/26-20:15:39.615954 7f773c8e1700                  Options.max_manifest_file_size: 1073741824
2020/01/26-20:15:39.615956 7f773c8e1700                   Options.log_file_time_to_roll: 0
2020/01/26-20:15:39.615959 7f773c8e1700                       Options.keep_log_file_num: 1000
2020/01/26-20:15:39.615961 7f773c8e1700                    Options.recycle_log_file_num: 0
2020/01/26-20:15:39.615963 7f773c8e1700                         Options.allow_fallocate: 1
2020/01/26-20:15:39.615965 7f773c8e1700                        Options.allow_mmap_reads: 0
2020/01/26-20:15:39.615967 7f773c8e1700                       Options.allow_mmap_writes: 0
2020/01/26-20:15:39.615969 7f773c8e1700                        Options.use_direct_reads: 0
2020/01/26-20:15:39.615971 7f773c8e1700                        Options.use_direct_io_for_flush_and_compaction: 0
2020/01/26-20:15:39.615973 7f773c8e1700          Options.create_missing_column_families: 1
2020/01/26-20:15:39.615975 7f773c8e1700                              Options.db_log_dir: 
2020/01/26-20:15:39.615978 7f773c8e1700                                 Options.wal_dir: /mnt/sdb/mbwu-rocksdb-data
2020/01/26-20:15:39.615980 7f773c8e1700                Options.table_cache_numshardbits: 6
2020/01/26-20:15:39.615982 7f773c8e1700                      Options.max_subcompactions: 1
2020/01/26-20:15:39.615984 7f773c8e1700                  Options.max_background_flushes: 24
2020/01/26-20:15:39.615986 7f773c8e1700                         Options.WAL_ttl_seconds: 0
2020/01/26-20:15:39.615988 7f773c8e1700                       Options.WAL_size_limit_MB: 0
2020/01/26-20:15:39.615990 7f773c8e1700             Options.manifest_preallocation_size: 4194304
2020/01/26-20:15:39.615992 7f773c8e1700                     Options.is_fd_close_on_exec: 1
2020/01/26-20:15:39.615994 7f773c8e1700                   Options.advise_random_on_open: 1
2020/01/26-20:15:39.615996 7f773c8e1700                    Options.db_write_buffer_size: 0
2020/01/26-20:15:39.615998 7f773c8e1700                    Options.write_buffer_manager: 0x7f76540a7c70
2020/01/26-20:15:39.616000 7f773c8e1700         Options.access_hint_on_compaction_start: 1
2020/01/26-20:15:39.616002 7f773c8e1700  Options.new_table_reader_for_compaction_inputs: 0
2020/01/26-20:15:39.616004 7f773c8e1700           Options.random_access_max_buffer_size: 1048576
2020/01/26-20:15:39.616007 7f773c8e1700                      Options.use_adaptive_mutex: 0
2020/01/26-20:15:39.616009 7f773c8e1700                            Options.rate_limiter: (nil)
2020/01/26-20:15:39.616013 7f773c8e1700     Options.sst_file_manager.rate_bytes_per_sec: 0
2020/01/26-20:15:39.616016 7f773c8e1700                       Options.wal_recovery_mode: 2
2020/01/26-20:15:39.616018 7f773c8e1700                  Options.enable_thread_tracking: 0
2020/01/26-20:15:39.616020 7f773c8e1700                  Options.enable_pipelined_write: 0
2020/01/26-20:15:39.616046 7f773c8e1700         Options.allow_concurrent_memtable_write: 1
2020/01/26-20:15:39.616049 7f773c8e1700      Options.enable_write_thread_adaptive_yield: 1
2020/01/26-20:15:39.616051 7f773c8e1700             Options.write_thread_max_yield_usec: 100
2020/01/26-20:15:39.616053 7f773c8e1700            Options.write_thread_slow_yield_usec: 3
2020/01/26-20:15:39.616055 7f773c8e1700                               Options.row_cache: None
2020/01/26-20:15:39.616057 7f773c8e1700                              Options.wal_filter: None
2020/01/26-20:15:39.616060 7f773c8e1700             Options.avoid_flush_during_recovery: 0
2020/01/26-20:15:39.616062 7f773c8e1700             Options.allow_ingest_behind: 0
2020/01/26-20:15:39.616064 7f773c8e1700             Options.preserve_deletes: 0
2020/01/26-20:15:39.616066 7f773c8e1700             Options.two_write_queues: 0
2020/01/26-20:15:39.616068 7f773c8e1700             Options.manual_wal_flush: 0
2020/01/26-20:15:39.616070 7f773c8e1700             Options.atomic_flush: 0
2020/01/26-20:15:39.616072 7f773c8e1700             Options.avoid_unnecessary_blocking_io: 0
2020/01/26-20:15:39.616077 7f773c8e1700             Options.max_background_jobs: 24
2020/01/26-20:15:39.616079 7f773c8e1700             Options.max_background_compactions: 24
2020/01/26-20:15:39.616081 7f773c8e1700             Options.avoid_flush_during_shutdown: 0
2020/01/26-20:15:39.616083 7f773c8e1700           Options.writable_file_max_buffer_size: 1048576
2020/01/26-20:15:39.616085 7f773c8e1700             Options.delayed_write_rate : 16777216
2020/01/26-20:15:39.616087 7f773c8e1700             Options.max_total_wal_size: 0
2020/01/26-20:15:39.616090 7f773c8e1700             Options.delete_obsolete_files_period_micros: 21600000000
2020/01/26-20:15:39.616092 7f773c8e1700                   Options.stats_dump_period_sec: 600
2020/01/26-20:15:39.616094 7f773c8e1700                 Options.stats_persist_period_sec: 600
2020/01/26-20:15:39.616097 7f773c8e1700                 Options.stats_history_buffer_size: 1048576
2020/01/26-20:15:39.616099 7f773c8e1700                          Options.max_open_files: -1
2020/01/26-20:15:39.616101 7f773c8e1700                          Options.bytes_per_sync: 1048576
2020/01/26-20:15:39.616103 7f773c8e1700                      Options.wal_bytes_per_sync: 0
2020/01/26-20:15:39.616105 7f773c8e1700       Options.compaction_readahead_size: 0
2020/01/26-20:15:39.616107 7f773c8e1700 Compression algorithms supported:
2020/01/26-20:15:39.616110 7f773c8e1700 	kZSTDNotFinalCompression supported: 1
2020/01/26-20:15:39.616127 7f773c8e1700 	kZSTD supported: 1
2020/01/26-20:15:39.616131 7f773c8e1700 	kXpressCompression supported: 0
2020/01/26-20:15:39.616133 7f773c8e1700 	kLZ4HCCompression supported: 1
2020/01/26-20:15:39.616136 7f773c8e1700 	kLZ4Compression supported: 1
2020/01/26-20:15:39.616139 7f773c8e1700 	kBZip2Compression supported: 1
2020/01/26-20:15:39.616141 7f773c8e1700 	kZlibCompression supported: 1
2020/01/26-20:15:39.616143 7f773c8e1700 	kSnappyCompression supported: 1
2020/01/26-20:15:39.616152 7f773c8e1700 Fast CRC32 supported: Not supported on x86
2020/01/26-20:15:39.616355 7f773c8e1700 [/db_impl_open.cc:228] Creating manifest 1 
2020/01/26-20:15:39.719234 7f773c8e1700 [/version_set.cc:3543] Recovering from manifest file: /mnt/sdb/mbwu-rocksdb-data/MANIFEST-000001
2020/01/26-20:15:39.719407 7f773c8e1700 [/column_family.cc:477] --------------- Options for column family [default]:
2020/01/26-20:15:39.719413 7f773c8e1700               Options.comparator: leveldb.BytewiseComparator
2020/01/26-20:15:39.719415 7f773c8e1700           Options.merge_operator: None
2020/01/26-20:15:39.719416 7f773c8e1700        Options.compaction_filter: None
2020/01/26-20:15:39.719417 7f773c8e1700        Options.compaction_filter_factory: None
2020/01/26-20:15:39.719419 7f773c8e1700         Options.memtable_factory: SkipListFactory
2020/01/26-20:15:39.719420 7f773c8e1700            Options.table_factory: BlockBasedTable
2020/01/26-20:15:39.719451 7f773c8e1700            table_factory options:   flush_block_policy_factory: FlushBlockBySizePolicyFactory (0x7f76540b4980)
  cache_index_and_filter_blocks: 0
  cache_index_and_filter_blocks_with_high_priority: 0
  pin_l0_filter_and_index_blocks_in_cache: 0
  pin_top_level_index_and_filter: 1
  index_type: 0
  data_block_index_type: 0
  data_block_hash_table_util_ratio: 0.750000
  hash_index_allow_collision: 1
  checksum: 1
  no_block_cache: 0
  block_cache: 0x7f76540b4e90
  block_cache_name: LRUCache
  block_cache_options:
    capacity : 8388608
    num_shard_bits : 4
    strict_capacity_limit : 0
    memory_allocator : None
    high_pri_pool_ratio: 0.000
  block_cache_compressed: (nil)
  persistent_cache: (nil)
  block_size: 8192
  block_size_deviation: 10
  block_restart_interval: 16
  index_block_restart_interval: 1
  metadata_block_size: 4096
  partition_filters: 0
  use_delta_encoding: 1
  filter_policy: nullptr
  whole_key_filtering: 1
  verify_compression: 0
  read_amp_bytes_per_bit: 0
  format_version: 2
  enable_index_compression: 1
  block_align: 0
2020/01/26-20:15:39.719473 7f773c8e1700        Options.write_buffer_size: 134217728
2020/01/26-20:15:39.719475 7f773c8e1700  Options.max_write_buffer_number: 6
2020/01/26-20:15:39.719477 7f773c8e1700        Options.compression[0]: NoCompression
2020/01/26-20:15:39.719479 7f773c8e1700        Options.compression[1]: NoCompression
2020/01/26-20:15:39.719481 7f773c8e1700        Options.compression[2]: Snappy
2020/01/26-20:15:39.719482 7f773c8e1700        Options.compression[3]: Snappy
2020/01/26-20:15:39.719483 7f773c8e1700        Options.compression[4]: Snappy
2020/01/26-20:15:39.719484 7f773c8e1700        Options.compression[5]: Snappy
2020/01/26-20:15:39.719486 7f773c8e1700        Options.compression[6]: Snappy
2020/01/26-20:15:39.719487 7f773c8e1700                  Options.bottommost_compression: Disabled
2020/01/26-20:15:39.719489 7f773c8e1700       Options.prefix_extractor: nullptr
2020/01/26-20:15:39.719490 7f773c8e1700   Options.memtable_insert_with_hint_prefix_extractor: nullptr
2020/01/26-20:15:39.719491 7f773c8e1700             Options.num_levels: 7
2020/01/26-20:15:39.719492 7f773c8e1700        Options.min_write_buffer_number_to_merge: 2
2020/01/26-20:15:39.719493 7f773c8e1700     Options.max_write_buffer_number_to_maintain: 0
2020/01/26-20:15:39.719494 7f773c8e1700            Options.bottommost_compression_opts.window_bits: -14
2020/01/26-20:15:39.719495 7f773c8e1700                  Options.bottommost_compression_opts.level: 32767
2020/01/26-20:15:39.719496 7f773c8e1700               Options.bottommost_compression_opts.strategy: 0
2020/01/26-20:15:39.719497 7f773c8e1700         Options.bottommost_compression_opts.max_dict_bytes: 0
2020/01/26-20:15:39.719498 7f773c8e1700         Options.bottommost_compression_opts.zstd_max_train_bytes: 0
2020/01/26-20:15:39.719499 7f773c8e1700                  Options.bottommost_compression_opts.enabled: false
2020/01/26-20:15:39.719500 7f773c8e1700            Options.compression_opts.window_bits: -14
2020/01/26-20:15:39.719501 7f773c8e1700                  Options.compression_opts.level: 32767
2020/01/26-20:15:39.719502 7f773c8e1700               Options.compression_opts.strategy: 0
2020/01/26-20:15:39.719503 7f773c8e1700         Options.compression_opts.max_dict_bytes: 0
2020/01/26-20:15:39.719504 7f773c8e1700         Options.compression_opts.zstd_max_train_bytes: 0
2020/01/26-20:15:39.719505 7f773c8e1700                  Options.compression_opts.enabled: false
2020/01/26-20:15:39.719506 7f773c8e1700      Options.level0_file_num_compaction_trigger: 2
2020/01/26-20:15:39.719507 7f773c8e1700          Options.level0_slowdown_writes_trigger: 20
2020/01/26-20:15:39.719508 7f773c8e1700              Options.level0_stop_writes_trigger: 36
2020/01/26-20:15:39.719509 7f773c8e1700                   Options.target_file_size_base: 67108864
2020/01/26-20:15:39.719510 7f773c8e1700             Options.target_file_size_multiplier: 1
2020/01/26-20:15:39.719511 7f773c8e1700                Options.max_bytes_for_level_base: 536870912
2020/01/26-20:15:39.719512 7f773c8e1700 Options.level_compaction_dynamic_level_bytes: 0
2020/01/26-20:15:39.719525 7f773c8e1700          Options.max_bytes_for_level_multiplier: 10.000000
2020/01/26-20:15:39.719528 7f773c8e1700 Options.max_bytes_for_level_multiplier_addtl[0]: 1
2020/01/26-20:15:39.719529 7f773c8e1700 Options.max_bytes_for_level_multiplier_addtl[1]: 1
2020/01/26-20:15:39.719530 7f773c8e1700 Options.max_bytes_for_level_multiplier_addtl[2]: 1
2020/01/26-20:15:39.719531 7f773c8e1700 Options.max_bytes_for_level_multiplier_addtl[3]: 1
2020/01/26-20:15:39.719532 7f773c8e1700 Options.max_bytes_for_level_multiplier_addtl[4]: 1
2020/01/26-20:15:39.719533 7f773c8e1700 Options.max_bytes_for_level_multiplier_addtl[5]: 1
2020/01/26-20:15:39.719534 7f773c8e1700 Options.max_bytes_for_level_multiplier_addtl[6]: 1
2020/01/26-20:15:39.719535 7f773c8e1700       Options.max_sequential_skip_in_iterations: 8
2020/01/26-20:15:39.719536 7f773c8e1700                    Options.max_compaction_bytes: 1677721600
2020/01/26-20:15:39.719537 7f773c8e1700                        Options.arena_block_size: 16777216
2020/01/26-20:15:39.719538 7f773c8e1700   Options.soft_pending_compaction_bytes_limit: 68719476736
2020/01/26-20:15:39.719539 7f773c8e1700   Options.hard_pending_compaction_bytes_limit: 274877906944
2020/01/26-20:15:39.719540 7f773c8e1700       Options.rate_limit_delay_max_milliseconds: 100
2020/01/26-20:15:39.719541 7f773c8e1700                Options.disable_auto_compactions: 0
2020/01/26-20:15:39.719543 7f773c8e1700                        Options.compaction_style: kCompactionStyleLevel
2020/01/26-20:15:39.719545 7f773c8e1700                          Options.compaction_pri: kMinOverlappingRatio
2020/01/26-20:15:39.719546 7f773c8e1700 Options.compaction_options_universal.size_ratio: 1
2020/01/26-20:15:39.719547 7f773c8e1700 Options.compaction_options_universal.min_merge_width: 2
2020/01/26-20:15:39.719548 7f773c8e1700 Options.compaction_options_universal.max_merge_width: 4294967295
2020/01/26-20:15:39.719549 7f773c8e1700 Options.compaction_options_universal.max_size_amplification_percent: 200
2020/01/26-20:15:39.719550 7f773c8e1700 Options.compaction_options_universal.compression_size_percent: -1
2020/01/26-20:15:39.719552 7f773c8e1700 Options.compaction_options_universal.stop_style: kCompactionStopStyleTotalSize
2020/01/26-20:15:39.719553 7f773c8e1700 Options.compaction_options_fifo.max_table_files_size: 1073741824
2020/01/26-20:15:39.719554 7f773c8e1700 Options.compaction_options_fifo.allow_compaction: 0
2020/01/26-20:15:39.719555 7f773c8e1700                   Options.table_properties_collectors: 
2020/01/26-20:15:39.719556 7f773c8e1700                   Options.inplace_update_support: 0
2020/01/26-20:15:39.719557 7f773c8e1700                 Options.inplace_update_num_locks: 10000
2020/01/26-20:15:39.719558 7f773c8e1700               Options.memtable_prefix_bloom_size_ratio: 0.000000
2020/01/26-20:15:39.719560 7f773c8e1700               Options.memtable_whole_key_filtering: 0
2020/01/26-20:15:39.719561 7f773c8e1700   Options.memtable_huge_page_size: 0
2020/01/26-20:15:39.719562 7f773c8e1700                           Options.bloom_locality: 0
2020/01/26-20:15:39.719563 7f773c8e1700                    Options.max_successive_merges: 0
2020/01/26-20:15:39.719564 7f773c8e1700                Options.optimize_filters_for_hits: 0
2020/01/26-20:15:39.719565 7f773c8e1700                Options.paranoid_file_checks: 0
2020/01/26-20:15:39.719566 7f773c8e1700                Options.force_consistency_checks: 0
2020/01/26-20:15:39.719567 7f773c8e1700                Options.report_bg_io_stats: 0
2020/01/26-20:15:39.719568 7f773c8e1700                               Options.ttl: 0
2020/01/26-20:15:39.720677 7f773c8e1700 [/version_set.cc:3757] Recovered from manifest file:/mnt/sdb/mbwu-rocksdb-data/MANIFEST-000001 succeeded,manifest_file_number is 1, next_file_number is 3, last_sequence is 0, log_number is 0,prev_log_number is 0,max_column_family is 0,min_log_number_to_keep is 0
2020/01/26-20:15:39.720684 7f773c8e1700 [/version_set.cc:3766] Column family [default] (ID 0), log number is 0
2020/01/26-20:15:39.720954 7f773c8e1700 [/version_set.cc:3036] Creating manifest 4
2020/01/26-20:15:39.794210 7f773c8e1700 [/column_family.cc:477] --------------- Options for column family [usertable]:
2020/01/26-20:15:39.794217 7f773c8e1700               Options.comparator: leveldb.BytewiseComparator
2020/01/26-20:15:39.794220 7f773c8e1700           Options.merge_operator: None
2020/01/26-20:15:39.794222 7f773c8e1700        Options.compaction_filter: None
2020/01/26-20:15:39.794223 7f773c8e1700        Options.compaction_filter_factory: None
2020/01/26-20:15:39.794225 7f773c8e1700         Options.memtable_factory: SkipListFactory
2020/01/26-20:15:39.794227 7f773c8e1700            Options.table_factory: BlockBasedTable
2020/01/26-20:15:39.794264 7f773c8e1700            table_factory options:   flush_block_policy_factory: FlushBlockBySizePolicyFactory (0x7f76540b56e0)
  cache_index_and_filter_blocks: 0
  cache_index_and_filter_blocks_with_high_priority: 0
  pin_l0_filter_and_index_blocks_in_cache: 0
  pin_top_level_index_and_filter: 1
  index_type: 0
  data_block_index_type: 0
  data_block_hash_table_util_ratio: 0.750000
  hash_index_allow_collision: 1
  checksum: 1
  no_block_cache: 0
  block_cache: 0x7f76540ba760
  block_cache_name: LRUCache
  block_cache_options:
    capacity : 8388608
    num_shard_bits : 4
    strict_capacity_limit : 0
    memory_allocator : None
    high_pri_pool_ratio: 0.000
  block_cache_compressed: (nil)
  persistent_cache: (nil)
  block_size: 8192
  block_size_deviation: 10
  block_restart_interval: 16
  index_block_restart_interval: 1
  metadata_block_size: 4096
  partition_filters: 0
  use_delta_encoding: 1
  filter_policy: nullptr
  whole_key_filtering: 1
  verify_compression: 0
  read_amp_bytes_per_bit: 0
  format_version: 2
  enable_index_compression: 1
  block_align: 0
2020/01/26-20:15:39.794268 7f773c8e1700        Options.write_buffer_size: 134217728
2020/01/26-20:15:39.794270 7f773c8e1700  Options.max_write_buffer_number: 6
2020/01/26-20:15:39.794272 7f773c8e1700        Options.compression[0]: NoCompression
2020/01/26-20:15:39.794275 7f773c8e1700        Options.compression[1]: NoCompression
2020/01/26-20:15:39.794277 7f773c8e1700        Options.compression[2]: Snappy
2020/01/26-20:15:39.794280 7f773c8e1700        Options.compression[3]: Snappy
2020/01/26-20:15:39.794282 7f773c8e1700        Options.compression[4]: Snappy
2020/01/26-20:15:39.794284 7f773c8e1700        Options.compression[5]: Snappy
2020/01/26-20:15:39.794286 7f773c8e1700        Options.compression[6]: Snappy
2020/01/26-20:15:39.794288 7f773c8e1700                  Options.bottommost_compression: Disabled
2020/01/26-20:15:39.794291 7f773c8e1700       Options.prefix_extractor: nullptr
2020/01/26-20:15:39.794292 7f773c8e1700   Options.memtable_insert_with_hint_prefix_extractor: nullptr
2020/01/26-20:15:39.794294 7f773c8e1700             Options.num_levels: 7
2020/01/26-20:15:39.794296 7f773c8e1700        Options.min_write_buffer_number_to_merge: 2
2020/01/26-20:15:39.794297 7f773c8e1700     Options.max_write_buffer_number_to_maintain: 0
2020/01/26-20:15:39.794299 7f773c8e1700            Options.bottommost_compression_opts.window_bits: -14
2020/01/26-20:15:39.794301 7f773c8e1700                  Options.bottommost_compression_opts.level: 32767
2020/01/26-20:15:39.794303 7f773c8e1700               Options.bottommost_compression_opts.strategy: 0
2020/01/26-20:15:39.794305 7f773c8e1700         Options.bottommost_compression_opts.max_dict_bytes: 0
2020/01/26-20:15:39.794306 7f773c8e1700         Options.bottommost_compression_opts.zstd_max_train_bytes: 0
2020/01/26-20:15:39.794308 7f773c8e1700                  Options.bottommost_compression_opts.enabled: false
2020/01/26-20:15:39.794310 7f773c8e1700            Options.compression_opts.window_bits: -14
2020/01/26-20:15:39.794312 7f773c8e1700                  Options.compression_opts.level: 32767
2020/01/26-20:15:39.794313 7f773c8e1700               Options.compression_opts.strategy: 0
2020/01/26-20:15:39.794315 7f773c8e1700         Options.compression_opts.max_dict_bytes: 0
2020/01/26-20:15:39.794317 7f773c8e1700         Options.compression_opts.zstd_max_train_bytes: 0
2020/01/26-20:15:39.794340 7f773c8e1700                  Options.compression_opts.enabled: false
2020/01/26-20:15:39.794343 7f773c8e1700      Options.level0_file_num_compaction_trigger: 2
2020/01/26-20:15:39.794345 7f773c8e1700          Options.level0_slowdown_writes_trigger: 20
2020/01/26-20:15:39.794346 7f773c8e1700              Options.level0_stop_writes_trigger: 36
2020/01/26-20:15:39.794348 7f773c8e1700                   Options.target_file_size_base: 67108864
2020/01/26-20:15:39.794350 7f773c8e1700             Options.target_file_size_multiplier: 1
2020/01/26-20:15:39.794351 7f773c8e1700                Options.max_bytes_for_level_base: 536870912
2020/01/26-20:15:39.794353 7f773c8e1700 Options.level_compaction_dynamic_level_bytes: 0
2020/01/26-20:15:39.794355 7f773c8e1700          Options.max_bytes_for_level_multiplier: 10.000000
2020/01/26-20:15:39.794359 7f773c8e1700 Options.max_bytes_for_level_multiplier_addtl[0]: 1
2020/01/26-20:15:39.794361 7f773c8e1700 Options.max_bytes_for_level_multiplier_addtl[1]: 1
2020/01/26-20:15:39.794363 7f773c8e1700 Options.max_bytes_for_level_multiplier_addtl[2]: 1
2020/01/26-20:15:39.794364 7f773c8e1700 Options.max_bytes_for_level_multiplier_addtl[3]: 1
2020/01/26-20:15:39.794366 7f773c8e1700 Options.max_bytes_for_level_multiplier_addtl[4]: 1
2020/01/26-20:15:39.794367 7f773c8e1700 Options.max_bytes_for_level_multiplier_addtl[5]: 1
2020/01/26-20:15:39.794369 7f773c8e1700 Options.max_bytes_for_level_multiplier_addtl[6]: 1
2020/01/26-20:15:39.794371 7f773c8e1700       Options.max_sequential_skip_in_iterations: 8
2020/01/26-20:15:39.794373 7f773c8e1700                    Options.max_compaction_bytes: 1677721600
2020/01/26-20:15:39.794374 7f773c8e1700                        Options.arena_block_size: 16777216
2020/01/26-20:15:39.794376 7f773c8e1700   Options.soft_pending_compaction_bytes_limit: 68719476736
2020/01/26-20:15:39.794378 7f773c8e1700   Options.hard_pending_compaction_bytes_limit: 274877906944
2020/01/26-20:15:39.794379 7f773c8e1700       Options.rate_limit_delay_max_milliseconds: 100
2020/01/26-20:15:39.794381 7f773c8e1700                Options.disable_auto_compactions: 0
2020/01/26-20:15:39.794383 7f773c8e1700                        Options.compaction_style: kCompactionStyleLevel
2020/01/26-20:15:39.794385 7f773c8e1700                          Options.compaction_pri: kMinOverlappingRatio
2020/01/26-20:15:39.794387 7f773c8e1700 Options.compaction_options_universal.size_ratio: 1
2020/01/26-20:15:39.794389 7f773c8e1700 Options.compaction_options_universal.min_merge_width: 2
2020/01/26-20:15:39.794390 7f773c8e1700 Options.compaction_options_universal.max_merge_width: 4294967295
2020/01/26-20:15:39.794392 7f773c8e1700 Options.compaction_options_universal.max_size_amplification_percent: 200
2020/01/26-20:15:39.794394 7f773c8e1700 Options.compaction_options_universal.compression_size_percent: -1
2020/01/26-20:15:39.794396 7f773c8e1700 Options.compaction_options_universal.stop_style: kCompactionStopStyleTotalSize
2020/01/26-20:15:39.794398 7f773c8e1700 Options.compaction_options_fifo.max_table_files_size: 1073741824
2020/01/26-20:15:39.794399 7f773c8e1700 Options.compaction_options_fifo.allow_compaction: 0
2020/01/26-20:15:39.794401 7f773c8e1700                   Options.table_properties_collectors: 
2020/01/26-20:15:39.794403 7f773c8e1700                   Options.inplace_update_support: 0
2020/01/26-20:15:39.794404 7f773c8e1700                 Options.inplace_update_num_locks: 10000
2020/01/26-20:15:39.794406 7f773c8e1700               Options.memtable_prefix_bloom_size_ratio: 0.000000
2020/01/26-20:15:39.794408 7f773c8e1700               Options.memtable_whole_key_filtering: 0
2020/01/26-20:15:39.794410 7f773c8e1700   Options.memtable_huge_page_size: 0
2020/01/26-20:15:39.794412 7f773c8e1700                           Options.bloom_locality: 0
2020/01/26-20:15:39.794413 7f773c8e1700                    Options.max_successive_merges: 0
2020/01/26-20:15:39.794415 7f773c8e1700                Options.optimize_filters_for_hits: 0
2020/01/26-20:15:39.794417 7f773c8e1700                Options.paranoid_file_checks: 0
2020/01/26-20:15:39.794429 7f773c8e1700                Options.force_consistency_checks: 0
2020/01/26-20:15:39.794432 7f773c8e1700                Options.report_bg_io_stats: 0
2020/01/26-20:15:39.794433 7f773c8e1700                               Options.ttl: 0
2020/01/26-20:15:39.794520 7f773c8e1700 [/db_impl.cc:1806] Created column family [usertable] (ID 1)
2020/01/26-20:15:39.875767 7f773c8e1700 DB pointer 0x7f76540b7400
2020/01/26-20:15:39.876464 7f758ffff700 [/db_impl.cc:777] ------- DUMPING STATS -------
2020/01/26-20:15:39.876582 7f758ffff700 [/db_impl.cc:778] 
** DB Stats **
Uptime(secs): 0.2 total, 0.2 interval
Cumulative writes: 0 writes, 0 keys, 0 commit groups, 0.0 writes per commit group, ingest: 0.00 GB, 0.00 MB/s
Cumulative WAL: 0 writes, 0 syncs, 0.00 writes per sync, written: 0.00 GB, 0.00 MB/s
Cumulative stall: 00:00:0.000 H:M:S, 0.0 percent
Interval writes: 0 writes, 0 keys, 0 commit groups, 0.0 writes per commit group, ingest: 0.00 MB, 0.00 MB/s
Interval WAL: 0 writes, 0 syncs, 0.00 writes per sync, written: 0.00 MB, 0.00 MB/s
Interval stall: 00:00:0.000 H:M:S, 0.0 percent

** Compaction Stats [default] **
Level    Files   Size     Score Read(GB)  Rn(GB) Rnp1(GB) Write(GB) Wnew(GB) Moved(GB) W-Amp Rd(MB/s) Wr(MB/s) Comp(sec) CompMergeCPU(sec) Comp(cnt) Avg(sec) KeyIn KeyDrop
----------------------------------------------------------------------------------------------------------------------------------------------------------------------------
 Sum      0/0    0.00 KB   0.0      0.0     0.0      0.0       0.0      0.0       0.0   0.0      0.0      0.0      0.00              0.00         0    0.000       0      0
 Int      0/0    0.00 KB   0.0      0.0     0.0      0.0       0.0      0.0       0.0   0.0      0.0      0.0      0.00              0.00         0    0.000       0      0

** Compaction Stats [default] **
Priority    Files   Size     Score Read(GB)  Rn(GB) Rnp1(GB) Write(GB) Wnew(GB) Moved(GB) W-Amp Rd(MB/s) Wr(MB/s) Comp(sec) CompMergeCPU(sec) Comp(cnt) Avg(sec) KeyIn KeyDrop
-------------------------------------------------------------------------------------------------------------------------------------------------------------------------------
Uptime(secs): 0.2 total, 0.2 interval
Flush(GB): cumulative 0.000, interval 0.000
AddFile(GB): cumulative 0.000, interval 0.000
AddFile(Total Files): cumulative 0, interval 0
AddFile(L0 Files): cumulative 0, interval 0
AddFile(Keys): cumulative 0, interval 0
Cumulative compaction: 0.00 GB write, 0.00 MB/s write, 0.00 GB read, 0.00 MB/s read, 0.0 seconds
Interval compaction: 0.00 GB write, 0.00 MB/s write, 0.00 GB read, 0.00 MB/s read, 0.0 seconds
Stalls(count): 0 level0_slowdown, 0 level0_slowdown_with_compaction, 0 level0_numfiles, 0 level0_numfiles_with_compaction, 0 stop for pending_compaction_bytes, 0 slowdown for pending_compaction_bytes, 0 memtable_compaction, 0 memtable_slowdown, interval 0 total count

** File Read Latency Histogram By Level [default] **

** Compaction Stats [usertable] **
Level    Files   Size     Score Read(GB)  Rn(GB) Rnp1(GB) Write(GB) Wnew(GB) Moved(GB) W-Amp Rd(MB/s) Wr(MB/s) Comp(sec) CompMergeCPU(sec) Comp(cnt) Avg(sec) KeyIn KeyDrop
----------------------------------------------------------------------------------------------------------------------------------------------------------------------------
 Sum      0/0    0.00 KB   0.0      0.0     0.0      0.0       0.0      0.0       0.0   0.0      0.0      0.0      0.00              0.00         0    0.000       0      0
 Int      0/0    0.00 KB   0.0      0.0     0.0      0.0       0.0      0.0       0.0   0.0      0.0      0.0      0.00              0.00         0    0.000       0      0

** Compaction Stats [usertable] **
Priority    Files   Size     Score Read(GB)  Rn(GB) Rnp1(GB) Write(GB) Wnew(GB) Moved(GB) W-Amp Rd(MB/s) Wr(MB/s) Comp(sec) CompMergeCPU(sec) Comp(cnt) Avg(sec) KeyIn KeyDrop
-------------------------------------------------------------------------------------------------------------------------------------------------------------------------------
Uptime(secs): 0.1 total, 0.1 interval
Flush(GB): cumulative 0.000, interval 0.000
AddFile(GB): cumulative 0.000, interval 0.000
AddFile(Total Files): cumulative 0, interval 0
AddFile(L0 Files): cumulative 0, interval 0
AddFile(Keys): cumulative 0, interval 0
Cumulative compaction: 0.00 GB write, 0.00 MB/s write, 0.00 GB read, 0.00 MB/s read, 0.0 seconds
Interval compaction: 0.00 GB write, 0.00 MB/s write, 0.00 GB read, 0.00 MB/s read, 0.0 seconds
Stalls(count): 0 level0_slowdown, 0 level0_slowdown_with_compaction, 0 level0_numfiles, 0 level0_numfiles_with_compaction, 0 stop for pending_compaction_bytes, 0 slowdown for pending_compaction_bytes, 0 memtable_compaction, 0 memtable_slowdown, interval 0 total count

** File Read Latency Histogram By Level [usertable] **

** Compaction Stats [default] **
Level    Files   Size     Score Read(GB)  Rn(GB) Rnp1(GB) Write(GB) Wnew(GB) Moved(GB) W-Amp Rd(MB/s) Wr(MB/s) Comp(sec) CompMergeCPU(sec) Comp(cnt) Avg(sec) KeyIn KeyDrop
----------------------------------------------------------------------------------------------------------------------------------------------------------------------------
 Sum      0/0    0.00 KB   0.0      0.0     0.0      0.0       0.0      0.0       0.0   0.0      0.0      0.0      0.00              0.00         0    0.000       0      0
 Int      0/0    0.00 KB   0.0      0.0     0.0      0.0       0.0      0.0       0.0   0.0      0.0      0.0      0.00              0.00         0    0.000       0      0

** Compaction Stats [default] **
Priority    Files   Size     Score Read(GB)  Rn(GB) Rnp1(GB) Write(GB) Wnew(GB) Moved(GB) W-Amp Rd(MB/s) Wr(MB/s) Comp(sec) CompMergeCPU(sec) Comp(cnt) Avg(sec) KeyIn KeyDrop
-------------------------------------------------------------------------------------------------------------------------------------------------------------------------------
Uptime(secs): 0.2 total, 0.0 interval
Flush(GB): cumulative 0.000, interval 0.000
AddFile(GB): cumulative 0.000, interval 0.000
AddFile(Total Files): cumulative 0, interval 0
AddFile(L0 Files): cumulative 0, interval 0
AddFile(Keys): cumulative 0, interval 0
Cumulative compaction: 0.00 GB write, 0.00 MB/s write, 0.00 GB read, 0.00 MB/s read, 0.0 seconds
Interval compaction: 0.00 GB write, 0.00 MB/s write, 0.00 GB read, 0.00 MB/s read, 0.0 seconds
Stalls(count): 0 level0_slowdown, 0 level0_slowdown_with_compaction, 0 level0_numfiles, 0 level0_numfiles_with_compaction, 0 stop for pending_compaction_bytes, 0 slowdown for pending_compaction_bytes, 0 memtable_compaction, 0 memtable_slowdown, interval 0 total count

** File Read Latency Histogram By Level [default] **

** Compaction Stats [usertable] **
Level    Files   Size     Score Read(GB)  Rn(GB) Rnp1(GB) Write(GB) Wnew(GB) Moved(GB) W-Amp Rd(MB/s) Wr(MB/s) Comp(sec) CompMergeCPU(sec) Comp(cnt) Avg(sec) KeyIn KeyDrop
----------------------------------------------------------------------------------------------------------------------------------------------------------------------------
 Sum      0/0    0.00 KB   0.0      0.0     0.0      0.0       0.0      0.0       0.0   0.0      0.0      0.0      0.00              0.00         0    0.000       0      0
 Int      0/0    0.00 KB   0.0      0.0     0.0      0.0       0.0      0.0       0.0   0.0      0.0      0.0      0.00              0.00         0    0.000       0      0

** Compaction Stats [usertable] **
Priority    Files   Size     Score Read(GB)  Rn(GB) Rnp1(GB) Write(GB) Wnew(GB) Moved(GB) W-Amp Rd(MB/s) Wr(MB/s) Comp(sec) CompMergeCPU(sec) Comp(cnt) Avg(sec) KeyIn KeyDrop
-------------------------------------------------------------------------------------------------------------------------------------------------------------------------------
Uptime(secs): 0.1 total, 0.0 interval
Flush(GB): cumulative 0.000, interval 0.000
AddFile(GB): cumulative 0.000, interval 0.000
AddFile(Total Files): cumulative 0, interval 0
AddFile(L0 Files): cumulative 0, interval 0
AddFile(Keys): cumulative 0, interval 0
Cumulative compaction: 0.00 GB write, 0.00 MB/s write, 0.00 GB read, 0.00 MB/s read, 0.0 seconds
Interval compaction: 0.00 GB write, 0.00 MB/s write, 0.00 GB read, 0.00 MB/s read, 0.0 seconds
Stalls(count): 0 level0_slowdown, 0 level0_slowdown_with_compaction, 0 level0_numfiles, 0 level0_numfiles_with_compaction, 0 stop for pending_compaction_bytes, 0 slowdown for pending_compaction_bytes, 0 memtable_compaction, 0 memtable_slowdown, interval 0 total count

** File Read Latency Histogram By Level [usertable] **
2020/01/26-20:15:48.669814 7f772c6f7700 [/db_impl_write.cc:1470] [usertable] New memtable created with log file: #9. Immutable memtables: 0.
2020/01/26-20:15:57.457610 7f772c6f7700 [/db_impl_write.cc:1470] [usertable] New memtable created with log file: #10. Immutable memtables: 1.
2020/01/26-20:15:57.458574 7f76f3fff700 [/db_impl_compaction_flush.cc:108] [JOB 26] Syncing log #3
2020/01/26-20:15:57.702770 7f76f3fff700 [/db_impl_compaction_flush.cc:108] [JOB 26] Syncing log #9
2020/01/26-20:15:58.197413 7f76f3fff700 (Original Log Time 2020/01/26-20:15:57.458406) [/db_impl_compaction_flush.cc:2073] Calling FlushMemTableToOutputFile with column family [usertable], flush slots available 24, compaction slots available 1, flush slots scheduled 24, compaction slots scheduled 0
2020/01/26-20:15:58.197445 7f76f3fff700 [/flush_job.cc:322] [usertable] [JOB 26] Flushing memtable with next log file: 9
2020/01/26-20:15:58.197467 7f76f3fff700 [/flush_job.cc:322] [usertable] [JOB 26] Flushing memtable with next log file: 10
2020/01/26-20:15:58.197600 7f76f3fff700 EVENT_LOG_v1 {"time_micros": 1580098558197559, "job": 26, "event": "flush_started", "num_memtables": 2, "num_entries": 61513, "num_deletes": 0, "total_data_size": 253618099, "memory_usage": 260123240, "flush_reason": "Write Buffer Full"}
2020/01/26-20:15:58.197615 7f76f3fff700 [/flush_job.cc:351] [usertable] [JOB 26] Level-0 flush table #11: started
2020/01/26-20:15:59.216018 7f76f3fff700 EVENT_LOG_v1 {"time_micros": 1580098559215984, "cf_name": "usertable", "job": 26, "event": "table_file_creation", "file_number": 11, "file_size": 254749776, "table_properties": {"data_size": 253618113, "index_size": 1130912, "filter_size": 0, "raw_key_size": 1476312, "raw_average_key_size": 24, "raw_value_size": 251957248, "raw_average_value_size": 4096, "num_data_blocks": 30757, "num_entries": 61513, "filter_policy_name": ""}}
2020/01/26-20:15:59.216075 7f76f3fff700 [/flush_job.cc:392] [usertable] [JOB 26] Level-0 flush table #11: 254749776 bytes OK
2020/01/26-20:15:59.245209 7f76f3fff700 (Original Log Time 2020/01/26-20:15:59.216137) [/memtable_list.cc:380] [usertable] Level-0 commit table #11 started
2020/01/26-20:15:59.245221 7f76f3fff700 (Original Log Time 2020/01/26-20:15:59.245004) [/memtable_list.cc:428] [usertable] Level-0 commit table #11: memtable #1 done
2020/01/26-20:15:59.245230 7f76f3fff700 (Original Log Time 2020/01/26-20:15:59.245016) [/memtable_list.cc:428] [usertable] Level-0 commit table #11: memtable #2 done
2020/01/26-20:15:59.245234 7f76f3fff700 (Original Log Time 2020/01/26-20:15:59.245057) EVENT_LOG_v1 {"time_micros": 1580098559245036, "job": 26, "event": "flush_finished", "output_compression": "NoCompression", "lsm_state": [1, 0, 0, 0, 0, 0, 0], "immutable_memtables": 0}
2020/01/26-20:15:59.245237 7f76f3fff700 (Original Log Time 2020/01/26-20:15:59.245101) [/db_impl_compaction_flush.cc:201] [usertable] Level summary: files[1 0 0 0 0 0 0] max score 0.50
2020/01/26-20:15:59.245261 7f76f3fff700 [/db_impl_files.cc:356] [JOB 26] Try to delete WAL files size 253941277, prev total WAL file size 279806462, number of live WAL files 3.
2020/01/26-20:16:06.245049 7f7734346700 [/db_impl_write.cc:1470] [usertable] New memtable created with log file: #12. Immutable memtables: 0.
2020/01/26-20:16:15.033108 7f77242f3700 [/db_impl_write.cc:1470] [usertable] New memtable created with log file: #13. Immutable memtables: 1.
2020/01/26-20:16:15.033660 7f76fbfff700 [/db_impl_compaction_flush.cc:108] [JOB 87] Syncing log #10
2020/01/26-20:16:15.552782 7f76fbfff700 [/db_impl_compaction_flush.cc:108] [JOB 87] Syncing log #12
2020/01/26-20:16:16.048765 7f76fbfff700 (Original Log Time 2020/01/26-20:16:15.033594) [/db_impl_compaction_flush.cc:2073] Calling FlushMemTableToOutputFile with column family [usertable], flush slots available 24, compaction slots available 1, flush slots scheduled 24, compaction slots scheduled 0
2020/01/26-20:16:16.048798 7f76fbfff700 [/flush_job.cc:322] [usertable] [JOB 87] Flushing memtable with next log file: 12
2020/01/26-20:16:16.048812 7f76fbfff700 [/flush_job.cc:322] [usertable] [JOB 87] Flushing memtable with next log file: 13
2020/01/26-20:16:16.048885 7f76fbfff700 EVENT_LOG_v1 {"time_micros": 1580098576048862, "job": 87, "event": "flush_started", "num_memtables": 2, "num_entries": 61516, "num_deletes": 0, "total_data_size": 253630468, "memory_usage": 260064800, "flush_reason": "Write Buffer Full"}
2020/01/26-20:16:16.048898 7f76fbfff700 [/flush_job.cc:351] [usertable] [JOB 87] Level-0 flush table #14: started
2020/01/26-20:16:17.035420 7f76fbfff700 EVENT_LOG_v1 {"time_micros": 1580098577035388, "cf_name": "usertable", "job": 87, "event": "table_file_creation", "file_number": 14, "file_size": 254775836, "table_properties": {"data_size": 253637303, "index_size": 1137782, "filter_size": 0, "raw_key_size": 1476384, "raw_average_key_size": 24, "raw_value_size": 251969536, "raw_average_value_size": 4096, "num_data_blocks": 30758, "num_entries": 61516, "filter_policy_name": ""}}
2020/01/26-20:16:17.035486 7f76fbfff700 [/flush_job.cc:392] [usertable] [JOB 87] Level-0 flush table #14: 254775836 bytes OK
2020/01/26-20:16:17.064268 7f76fbfff700 (Original Log Time 2020/01/26-20:16:17.035530) [/memtable_list.cc:380] [usertable] Level-0 commit table #14 started
2020/01/26-20:16:17.064276 7f76fbfff700 (Original Log Time 2020/01/26-20:16:17.064093) [/memtable_list.cc:428] [usertable] Level-0 commit table #14: memtable #1 done
2020/01/26-20:16:17.064280 7f76fbfff700 (Original Log Time 2020/01/26-20:16:17.064099) [/memtable_list.cc:428] [usertable] Level-0 commit table #14: memtable #2 done
2020/01/26-20:16:17.064284 7f76fbfff700 (Original Log Time 2020/01/26-20:16:17.064139) EVENT_LOG_v1 {"time_micros": 1580098577064118, "job": 87, "event": "flush_finished", "output_compression": "NoCompression", "lsm_state": [2, 0, 0, 0, 0, 0, 0], "immutable_memtables": 0}
2020/01/26-20:16:17.064288 7f76fbfff700 (Original Log Time 2020/01/26-20:16:17.064199) [/db_impl_compaction_flush.cc:201] [usertable] Level summary: files[2 0 0 0 0 0 0] max score 1.00
2020/01/26-20:16:17.064304 7f76fbfff700 [/db_impl_files.cc:356] [JOB 87] Try to delete WAL files size 253954540, prev total WAL file size 283326555, number of live WAL files 3.
2020/01/26-20:16:17.093018 7f773754e700 (Original Log Time 2020/01/26-20:16:17.064454) [/db_impl_compaction_flush.cc:2536] [usertable] Moving #14 to level-1 254775836 bytes
