2020/01/26-21:47:05.060030 7f0d7def3700 RocksDB version: 6.1.2
2020/01/26-21:47:05.060134 7f0d7def3700 Git sha rocksdb_build_git_sha:
2020/01/26-21:47:05.060142 7f0d7def3700 Compile date Aug  1 2019
2020/01/26-21:47:05.060161 7f0d7def3700 DB SUMMARY
2020/01/26-21:47:05.060213 7f0d7def3700 SST files in /mnt/sdb/mbwu-rocksdb-data dir, Total Num: 0, files: 
2020/01/26-21:47:05.060219 7f0d7def3700 Write Ahead Log file in /mnt/sdb/mbwu-rocksdb-data: 
2020/01/26-21:47:05.060225 7f0d7def3700                         Options.error_if_exists: 0
2020/01/26-21:47:05.060229 7f0d7def3700                       Options.create_if_missing: 1
2020/01/26-21:47:05.060231 7f0d7def3700                         Options.paranoid_checks: 1
2020/01/26-21:47:05.060233 7f0d7def3700                                     Options.env: 0x7f0d7dbdce80
2020/01/26-21:47:05.060236 7f0d7def3700                                Options.info_log: 0x7f0c8009ed80
2020/01/26-21:47:05.060238 7f0d7def3700                Options.max_file_opening_threads: 16
2020/01/26-21:47:05.060241 7f0d7def3700                              Options.statistics: (nil)
2020/01/26-21:47:05.060243 7f0d7def3700                               Options.use_fsync: 0
2020/01/26-21:47:05.060246 7f0d7def3700                       Options.max_log_file_size: 0
2020/01/26-21:47:05.060248 7f0d7def3700                  Options.max_manifest_file_size: 1073741824
2020/01/26-21:47:05.060250 7f0d7def3700                   Options.log_file_time_to_roll: 0
2020/01/26-21:47:05.060252 7f0d7def3700                       Options.keep_log_file_num: 1000
2020/01/26-21:47:05.060255 7f0d7def3700                    Options.recycle_log_file_num: 0
2020/01/26-21:47:05.060257 7f0d7def3700                         Options.allow_fallocate: 1
2020/01/26-21:47:05.060259 7f0d7def3700                        Options.allow_mmap_reads: 0
2020/01/26-21:47:05.060261 7f0d7def3700                       Options.allow_mmap_writes: 0
2020/01/26-21:47:05.060263 7f0d7def3700                        Options.use_direct_reads: 0
2020/01/26-21:47:05.060265 7f0d7def3700                        Options.use_direct_io_for_flush_and_compaction: 0
2020/01/26-21:47:05.060267 7f0d7def3700          Options.create_missing_column_families: 1
2020/01/26-21:47:05.060269 7f0d7def3700                              Options.db_log_dir: 
2020/01/26-21:47:05.060271 7f0d7def3700                                 Options.wal_dir: /mnt/sdb/mbwu-rocksdb-data
2020/01/26-21:47:05.060273 7f0d7def3700                Options.table_cache_numshardbits: 6
2020/01/26-21:47:05.060275 7f0d7def3700                      Options.max_subcompactions: 1
2020/01/26-21:47:05.060277 7f0d7def3700                  Options.max_background_flushes: 24
2020/01/26-21:47:05.060279 7f0d7def3700                         Options.WAL_ttl_seconds: 0
2020/01/26-21:47:05.060282 7f0d7def3700                       Options.WAL_size_limit_MB: 0
2020/01/26-21:47:05.060284 7f0d7def3700             Options.manifest_preallocation_size: 4194304
2020/01/26-21:47:05.060286 7f0d7def3700                     Options.is_fd_close_on_exec: 1
2020/01/26-21:47:05.060288 7f0d7def3700                   Options.advise_random_on_open: 1
2020/01/26-21:47:05.060290 7f0d7def3700                    Options.db_write_buffer_size: 0
2020/01/26-21:47:05.060292 7f0d7def3700                    Options.write_buffer_manager: 0x7f0c8009fb70
2020/01/26-21:47:05.060294 7f0d7def3700         Options.access_hint_on_compaction_start: 1
2020/01/26-21:47:05.060296 7f0d7def3700  Options.new_table_reader_for_compaction_inputs: 0
2020/01/26-21:47:05.060298 7f0d7def3700           Options.random_access_max_buffer_size: 1048576
2020/01/26-21:47:05.060300 7f0d7def3700                      Options.use_adaptive_mutex: 0
2020/01/26-21:47:05.060302 7f0d7def3700                            Options.rate_limiter: (nil)
2020/01/26-21:47:05.060307 7f0d7def3700     Options.sst_file_manager.rate_bytes_per_sec: 0
2020/01/26-21:47:05.060310 7f0d7def3700                       Options.wal_recovery_mode: 2
2020/01/26-21:47:05.060312 7f0d7def3700                  Options.enable_thread_tracking: 0
2020/01/26-21:47:05.060314 7f0d7def3700                  Options.enable_pipelined_write: 0
2020/01/26-21:47:05.060338 7f0d7def3700         Options.allow_concurrent_memtable_write: 1
2020/01/26-21:47:05.060341 7f0d7def3700      Options.enable_write_thread_adaptive_yield: 1
2020/01/26-21:47:05.060343 7f0d7def3700             Options.write_thread_max_yield_usec: 100
2020/01/26-21:47:05.060345 7f0d7def3700            Options.write_thread_slow_yield_usec: 3
2020/01/26-21:47:05.060348 7f0d7def3700                               Options.row_cache: None
2020/01/26-21:47:05.060350 7f0d7def3700                              Options.wal_filter: None
2020/01/26-21:47:05.060352 7f0d7def3700             Options.avoid_flush_during_recovery: 0
2020/01/26-21:47:05.060354 7f0d7def3700             Options.allow_ingest_behind: 0
2020/01/26-21:47:05.060356 7f0d7def3700             Options.preserve_deletes: 0
2020/01/26-21:47:05.060358 7f0d7def3700             Options.two_write_queues: 0
2020/01/26-21:47:05.060360 7f0d7def3700             Options.manual_wal_flush: 0
2020/01/26-21:47:05.060362 7f0d7def3700             Options.atomic_flush: 0
2020/01/26-21:47:05.060364 7f0d7def3700             Options.avoid_unnecessary_blocking_io: 0
2020/01/26-21:47:05.060369 7f0d7def3700             Options.max_background_jobs: 24
2020/01/26-21:47:05.060372 7f0d7def3700             Options.max_background_compactions: 24
2020/01/26-21:47:05.060374 7f0d7def3700             Options.avoid_flush_during_shutdown: 0
2020/01/26-21:47:05.060376 7f0d7def3700           Options.writable_file_max_buffer_size: 1048576
2020/01/26-21:47:05.060378 7f0d7def3700             Options.delayed_write_rate : 16777216
2020/01/26-21:47:05.060380 7f0d7def3700             Options.max_total_wal_size: 0
2020/01/26-21:47:05.060383 7f0d7def3700             Options.delete_obsolete_files_period_micros: 21600000000
2020/01/26-21:47:05.060385 7f0d7def3700                   Options.stats_dump_period_sec: 600
2020/01/26-21:47:05.060387 7f0d7def3700                 Options.stats_persist_period_sec: 600
2020/01/26-21:47:05.060389 7f0d7def3700                 Options.stats_history_buffer_size: 1048576
2020/01/26-21:47:05.060392 7f0d7def3700                          Options.max_open_files: -1
2020/01/26-21:47:05.060394 7f0d7def3700                          Options.bytes_per_sync: 1048576
2020/01/26-21:47:05.060396 7f0d7def3700                      Options.wal_bytes_per_sync: 0
2020/01/26-21:47:05.060398 7f0d7def3700       Options.compaction_readahead_size: 0
2020/01/26-21:47:05.060400 7f0d7def3700 Compression algorithms supported:
2020/01/26-21:47:05.060404 7f0d7def3700 	kZSTDNotFinalCompression supported: 1
2020/01/26-21:47:05.060420 7f0d7def3700 	kZSTD supported: 1
2020/01/26-21:47:05.060423 7f0d7def3700 	kXpressCompression supported: 0
2020/01/26-21:47:05.060426 7f0d7def3700 	kLZ4HCCompression supported: 1
2020/01/26-21:47:05.060429 7f0d7def3700 	kLZ4Compression supported: 1
2020/01/26-21:47:05.060431 7f0d7def3700 	kBZip2Compression supported: 1
2020/01/26-21:47:05.060433 7f0d7def3700 	kZlibCompression supported: 1
2020/01/26-21:47:05.060436 7f0d7def3700 	kSnappyCompression supported: 1
2020/01/26-21:47:05.060443 7f0d7def3700 Fast CRC32 supported: Not supported on x86
2020/01/26-21:47:05.060610 7f0d7def3700 [/db_impl_open.cc:228] Creating manifest 1 
2020/01/26-21:47:05.164361 7f0d7def3700 [/version_set.cc:3543] Recovering from manifest file: /mnt/sdb/mbwu-rocksdb-data/MANIFEST-000001
2020/01/26-21:47:05.164617 7f0d7def3700 [/column_family.cc:477] --------------- Options for column family [default]:
2020/01/26-21:47:05.164627 7f0d7def3700               Options.comparator: leveldb.BytewiseComparator
2020/01/26-21:47:05.164630 7f0d7def3700           Options.merge_operator: None
2020/01/26-21:47:05.164633 7f0d7def3700        Options.compaction_filter: None
2020/01/26-21:47:05.164635 7f0d7def3700        Options.compaction_filter_factory: None
2020/01/26-21:47:05.164638 7f0d7def3700         Options.memtable_factory: SkipListFactory
2020/01/26-21:47:05.164640 7f0d7def3700            Options.table_factory: BlockBasedTable
2020/01/26-21:47:05.164691 7f0d7def3700            table_factory options:   flush_block_policy_factory: FlushBlockBySizePolicyFactory (0x7f0c800ac880)
  cache_index_and_filter_blocks: 0
  cache_index_and_filter_blocks_with_high_priority: 0
  pin_l0_filter_and_index_blocks_in_cache: 0
  pin_top_level_index_and_filter: 1
  index_type: 0
  data_block_index_type: 0
  data_block_hash_table_util_ratio: 0.750000
  hash_index_allow_collision: 1
  checksum: 1
  no_block_cache: 0
  block_cache: 0x7f0c800acd90
  block_cache_name: LRUCache
  block_cache_options:
    capacity : 8388608
    num_shard_bits : 4
    strict_capacity_limit : 0
    memory_allocator : None
    high_pri_pool_ratio: 0.000
  block_cache_compressed: (nil)
  persistent_cache: (nil)
  block_size: 8192
  block_size_deviation: 10
  block_restart_interval: 16
  index_block_restart_interval: 1
  metadata_block_size: 4096
  partition_filters: 0
  use_delta_encoding: 1
  filter_policy: nullptr
  whole_key_filtering: 1
  verify_compression: 0
  read_amp_bytes_per_bit: 0
  format_version: 2
  enable_index_compression: 1
  block_align: 0
2020/01/26-21:47:05.164728 7f0d7def3700        Options.write_buffer_size: 134217728
2020/01/26-21:47:05.164732 7f0d7def3700  Options.max_write_buffer_number: 6
2020/01/26-21:47:05.164736 7f0d7def3700        Options.compression[0]: NoCompression
2020/01/26-21:47:05.164740 7f0d7def3700        Options.compression[1]: NoCompression
2020/01/26-21:47:05.164742 7f0d7def3700        Options.compression[2]: Snappy
2020/01/26-21:47:05.164745 7f0d7def3700        Options.compression[3]: Snappy
2020/01/26-21:47:05.164747 7f0d7def3700        Options.compression[4]: Snappy
2020/01/26-21:47:05.164750 7f0d7def3700        Options.compression[5]: Snappy
2020/01/26-21:47:05.164752 7f0d7def3700        Options.compression[6]: Snappy
2020/01/26-21:47:05.164754 7f0d7def3700                  Options.bottommost_compression: Disabled
2020/01/26-21:47:05.164757 7f0d7def3700       Options.prefix_extractor: nullptr
2020/01/26-21:47:05.164759 7f0d7def3700   Options.memtable_insert_with_hint_prefix_extractor: nullptr
2020/01/26-21:47:05.164762 7f0d7def3700             Options.num_levels: 7
2020/01/26-21:47:05.164764 7f0d7def3700        Options.min_write_buffer_number_to_merge: 2
2020/01/26-21:47:05.164766 7f0d7def3700     Options.max_write_buffer_number_to_maintain: 0
2020/01/26-21:47:05.164768 7f0d7def3700            Options.bottommost_compression_opts.window_bits: -14
2020/01/26-21:47:05.164771 7f0d7def3700                  Options.bottommost_compression_opts.level: 32767
2020/01/26-21:47:05.164773 7f0d7def3700               Options.bottommost_compression_opts.strategy: 0
2020/01/26-21:47:05.164775 7f0d7def3700         Options.bottommost_compression_opts.max_dict_bytes: 0
2020/01/26-21:47:05.164777 7f0d7def3700         Options.bottommost_compression_opts.zstd_max_train_bytes: 0
2020/01/26-21:47:05.164780 7f0d7def3700                  Options.bottommost_compression_opts.enabled: false
2020/01/26-21:47:05.164782 7f0d7def3700            Options.compression_opts.window_bits: -14
2020/01/26-21:47:05.164785 7f0d7def3700                  Options.compression_opts.level: 32767
2020/01/26-21:47:05.164787 7f0d7def3700               Options.compression_opts.strategy: 0
2020/01/26-21:47:05.164789 7f0d7def3700         Options.compression_opts.max_dict_bytes: 0
2020/01/26-21:47:05.164791 7f0d7def3700         Options.compression_opts.zstd_max_train_bytes: 0
2020/01/26-21:47:05.164793 7f0d7def3700                  Options.compression_opts.enabled: false
2020/01/26-21:47:05.164795 7f0d7def3700      Options.level0_file_num_compaction_trigger: 2
2020/01/26-21:47:05.164797 7f0d7def3700          Options.level0_slowdown_writes_trigger: 20
2020/01/26-21:47:05.164799 7f0d7def3700              Options.level0_stop_writes_trigger: 36
2020/01/26-21:47:05.164801 7f0d7def3700                   Options.target_file_size_base: 67108864
2020/01/26-21:47:05.164804 7f0d7def3700             Options.target_file_size_multiplier: 1
2020/01/26-21:47:05.164806 7f0d7def3700                Options.max_bytes_for_level_base: 536870912
2020/01/26-21:47:05.164808 7f0d7def3700 Options.level_compaction_dynamic_level_bytes: 0
2020/01/26-21:47:05.164824 7f0d7def3700          Options.max_bytes_for_level_multiplier: 10.000000
2020/01/26-21:47:05.164831 7f0d7def3700 Options.max_bytes_for_level_multiplier_addtl[0]: 1
2020/01/26-21:47:05.164833 7f0d7def3700 Options.max_bytes_for_level_multiplier_addtl[1]: 1
2020/01/26-21:47:05.164836 7f0d7def3700 Options.max_bytes_for_level_multiplier_addtl[2]: 1
2020/01/26-21:47:05.164838 7f0d7def3700 Options.max_bytes_for_level_multiplier_addtl[3]: 1
2020/01/26-21:47:05.164840 7f0d7def3700 Options.max_bytes_for_level_multiplier_addtl[4]: 1
2020/01/26-21:47:05.164842 7f0d7def3700 Options.max_bytes_for_level_multiplier_addtl[5]: 1
2020/01/26-21:47:05.164844 7f0d7def3700 Options.max_bytes_for_level_multiplier_addtl[6]: 1
2020/01/26-21:47:05.164846 7f0d7def3700       Options.max_sequential_skip_in_iterations: 8
2020/01/26-21:47:05.164848 7f0d7def3700                    Options.max_compaction_bytes: 1677721600
2020/01/26-21:47:05.164851 7f0d7def3700                        Options.arena_block_size: 16777216
2020/01/26-21:47:05.164853 7f0d7def3700   Options.soft_pending_compaction_bytes_limit: 68719476736
2020/01/26-21:47:05.164855 7f0d7def3700   Options.hard_pending_compaction_bytes_limit: 274877906944
2020/01/26-21:47:05.164857 7f0d7def3700       Options.rate_limit_delay_max_milliseconds: 100
2020/01/26-21:47:05.164860 7f0d7def3700                Options.disable_auto_compactions: 0
2020/01/26-21:47:05.164863 7f0d7def3700                        Options.compaction_style: kCompactionStyleLevel
2020/01/26-21:47:05.164867 7f0d7def3700                          Options.compaction_pri: kMinOverlappingRatio
2020/01/26-21:47:05.164869 7f0d7def3700 Options.compaction_options_universal.size_ratio: 1
2020/01/26-21:47:05.164871 7f0d7def3700 Options.compaction_options_universal.min_merge_width: 2
2020/01/26-21:47:05.164873 7f0d7def3700 Options.compaction_options_universal.max_merge_width: 4294967295
2020/01/26-21:47:05.164875 7f0d7def3700 Options.compaction_options_universal.max_size_amplification_percent: 200
2020/01/26-21:47:05.164878 7f0d7def3700 Options.compaction_options_universal.compression_size_percent: -1
2020/01/26-21:47:05.164880 7f0d7def3700 Options.compaction_options_universal.stop_style: kCompactionStopStyleTotalSize
2020/01/26-21:47:05.164883 7f0d7def3700 Options.compaction_options_fifo.max_table_files_size: 1073741824
2020/01/26-21:47:05.164885 7f0d7def3700 Options.compaction_options_fifo.allow_compaction: 0
2020/01/26-21:47:05.164887 7f0d7def3700                   Options.table_properties_collectors: 
2020/01/26-21:47:05.164889 7f0d7def3700                   Options.inplace_update_support: 0
2020/01/26-21:47:05.164892 7f0d7def3700                 Options.inplace_update_num_locks: 10000
2020/01/26-21:47:05.164894 7f0d7def3700               Options.memtable_prefix_bloom_size_ratio: 0.000000
2020/01/26-21:47:05.164897 7f0d7def3700               Options.memtable_whole_key_filtering: 0
2020/01/26-21:47:05.164900 7f0d7def3700   Options.memtable_huge_page_size: 0
2020/01/26-21:47:05.164902 7f0d7def3700                           Options.bloom_locality: 0
2020/01/26-21:47:05.164904 7f0d7def3700                    Options.max_successive_merges: 0
2020/01/26-21:47:05.164906 7f0d7def3700                Options.optimize_filters_for_hits: 0
2020/01/26-21:47:05.164908 7f0d7def3700                Options.paranoid_file_checks: 0
2020/01/26-21:47:05.164910 7f0d7def3700                Options.force_consistency_checks: 0
2020/01/26-21:47:05.164912 7f0d7def3700                Options.report_bg_io_stats: 0
2020/01/26-21:47:05.164914 7f0d7def3700                               Options.ttl: 0
2020/01/26-21:47:05.166543 7f0d7def3700 [/version_set.cc:3757] Recovered from manifest file:/mnt/sdb/mbwu-rocksdb-data/MANIFEST-000001 succeeded,manifest_file_number is 1, next_file_number is 3, last_sequence is 0, log_number is 0,prev_log_number is 0,max_column_family is 0,min_log_number_to_keep is 0
2020/01/26-21:47:05.166555 7f0d7def3700 [/version_set.cc:3766] Column family [default] (ID 0), log number is 0
2020/01/26-21:47:05.166980 7f0d7def3700 [/version_set.cc:3036] Creating manifest 4
2020/01/26-21:47:05.240548 7f0d7def3700 [/column_family.cc:477] --------------- Options for column family [usertable]:
2020/01/26-21:47:05.240558 7f0d7def3700               Options.comparator: leveldb.BytewiseComparator
2020/01/26-21:47:05.240561 7f0d7def3700           Options.merge_operator: None
2020/01/26-21:47:05.240563 7f0d7def3700        Options.compaction_filter: None
2020/01/26-21:47:05.240565 7f0d7def3700        Options.compaction_filter_factory: None
2020/01/26-21:47:05.240568 7f0d7def3700         Options.memtable_factory: SkipListFactory
2020/01/26-21:47:05.240570 7f0d7def3700            Options.table_factory: BlockBasedTable
2020/01/26-21:47:05.240614 7f0d7def3700            table_factory options:   flush_block_policy_factory: FlushBlockBySizePolicyFactory (0x7f0c800ad5e0)
  cache_index_and_filter_blocks: 0
  cache_index_and_filter_blocks_with_high_priority: 0
  pin_l0_filter_and_index_blocks_in_cache: 0
  pin_top_level_index_and_filter: 1
  index_type: 0
  data_block_index_type: 0
  data_block_hash_table_util_ratio: 0.750000
  hash_index_allow_collision: 1
  checksum: 1
  no_block_cache: 0
  block_cache: 0x7f0c800b2660
  block_cache_name: LRUCache
  block_cache_options:
    capacity : 8388608
    num_shard_bits : 4
    strict_capacity_limit : 0
    memory_allocator : None
    high_pri_pool_ratio: 0.000
  block_cache_compressed: (nil)
  persistent_cache: (nil)
  block_size: 8192
  block_size_deviation: 10
  block_restart_interval: 16
  index_block_restart_interval: 1
  metadata_block_size: 4096
  partition_filters: 0
  use_delta_encoding: 1
  filter_policy: nullptr
  whole_key_filtering: 1
  verify_compression: 0
  read_amp_bytes_per_bit: 0
  format_version: 2
  enable_index_compression: 1
  block_align: 0
2020/01/26-21:47:05.240619 7f0d7def3700        Options.write_buffer_size: 134217728
2020/01/26-21:47:05.240622 7f0d7def3700  Options.max_write_buffer_number: 6
2020/01/26-21:47:05.240624 7f0d7def3700        Options.compression[0]: NoCompression
2020/01/26-21:47:05.240627 7f0d7def3700        Options.compression[1]: NoCompression
2020/01/26-21:47:05.240630 7f0d7def3700        Options.compression[2]: Snappy
2020/01/26-21:47:05.240633 7f0d7def3700        Options.compression[3]: Snappy
2020/01/26-21:47:05.240635 7f0d7def3700        Options.compression[4]: Snappy
2020/01/26-21:47:05.240638 7f0d7def3700        Options.compression[5]: Snappy
2020/01/26-21:47:05.240640 7f0d7def3700        Options.compression[6]: Snappy
2020/01/26-21:47:05.240642 7f0d7def3700                  Options.bottommost_compression: Disabled
2020/01/26-21:47:05.240645 7f0d7def3700       Options.prefix_extractor: nullptr
2020/01/26-21:47:05.240647 7f0d7def3700   Options.memtable_insert_with_hint_prefix_extractor: nullptr
2020/01/26-21:47:05.240649 7f0d7def3700             Options.num_levels: 7
2020/01/26-21:47:05.240651 7f0d7def3700        Options.min_write_buffer_number_to_merge: 2
2020/01/26-21:47:05.240654 7f0d7def3700     Options.max_write_buffer_number_to_maintain: 0
2020/01/26-21:47:05.240656 7f0d7def3700            Options.bottommost_compression_opts.window_bits: -14
2020/01/26-21:47:05.240658 7f0d7def3700                  Options.bottommost_compression_opts.level: 32767
2020/01/26-21:47:05.240660 7f0d7def3700               Options.bottommost_compression_opts.strategy: 0
2020/01/26-21:47:05.240662 7f0d7def3700         Options.bottommost_compression_opts.max_dict_bytes: 0
2020/01/26-21:47:05.240665 7f0d7def3700         Options.bottommost_compression_opts.zstd_max_train_bytes: 0
2020/01/26-21:47:05.240667 7f0d7def3700                  Options.bottommost_compression_opts.enabled: false
2020/01/26-21:47:05.240669 7f0d7def3700            Options.compression_opts.window_bits: -14
2020/01/26-21:47:05.240671 7f0d7def3700                  Options.compression_opts.level: 32767
2020/01/26-21:47:05.240674 7f0d7def3700               Options.compression_opts.strategy: 0
2020/01/26-21:47:05.240676 7f0d7def3700         Options.compression_opts.max_dict_bytes: 0
2020/01/26-21:47:05.240678 7f0d7def3700         Options.compression_opts.zstd_max_train_bytes: 0
2020/01/26-21:47:05.240706 7f0d7def3700                  Options.compression_opts.enabled: false
2020/01/26-21:47:05.240710 7f0d7def3700      Options.level0_file_num_compaction_trigger: 2
2020/01/26-21:47:05.240712 7f0d7def3700          Options.level0_slowdown_writes_trigger: 20
2020/01/26-21:47:05.240714 7f0d7def3700              Options.level0_stop_writes_trigger: 36
2020/01/26-21:47:05.240716 7f0d7def3700                   Options.target_file_size_base: 67108864
2020/01/26-21:47:05.240718 7f0d7def3700             Options.target_file_size_multiplier: 1
2020/01/26-21:47:05.240720 7f0d7def3700                Options.max_bytes_for_level_base: 536870912
2020/01/26-21:47:05.240722 7f0d7def3700 Options.level_compaction_dynamic_level_bytes: 0
2020/01/26-21:47:05.240725 7f0d7def3700          Options.max_bytes_for_level_multiplier: 10.000000
2020/01/26-21:47:05.240730 7f0d7def3700 Options.max_bytes_for_level_multiplier_addtl[0]: 1
2020/01/26-21:47:05.240732 7f0d7def3700 Options.max_bytes_for_level_multiplier_addtl[1]: 1
2020/01/26-21:47:05.240734 7f0d7def3700 Options.max_bytes_for_level_multiplier_addtl[2]: 1
2020/01/26-21:47:05.240736 7f0d7def3700 Options.max_bytes_for_level_multiplier_addtl[3]: 1
2020/01/26-21:47:05.240739 7f0d7def3700 Options.max_bytes_for_level_multiplier_addtl[4]: 1
2020/01/26-21:47:05.240741 7f0d7def3700 Options.max_bytes_for_level_multiplier_addtl[5]: 1
2020/01/26-21:47:05.240743 7f0d7def3700 Options.max_bytes_for_level_multiplier_addtl[6]: 1
2020/01/26-21:47:05.240745 7f0d7def3700       Options.max_sequential_skip_in_iterations: 8
2020/01/26-21:47:05.240747 7f0d7def3700                    Options.max_compaction_bytes: 1677721600
2020/01/26-21:47:05.240749 7f0d7def3700                        Options.arena_block_size: 16777216
2020/01/26-21:47:05.240751 7f0d7def3700   Options.soft_pending_compaction_bytes_limit: 68719476736
2020/01/26-21:47:05.240754 7f0d7def3700   Options.hard_pending_compaction_bytes_limit: 274877906944
2020/01/26-21:47:05.240756 7f0d7def3700       Options.rate_limit_delay_max_milliseconds: 100
2020/01/26-21:47:05.240758 7f0d7def3700                Options.disable_auto_compactions: 0
2020/01/26-21:47:05.240761 7f0d7def3700                        Options.compaction_style: kCompactionStyleLevel
2020/01/26-21:47:05.240764 7f0d7def3700                          Options.compaction_pri: kMinOverlappingRatio
2020/01/26-21:47:05.240766 7f0d7def3700 Options.compaction_options_universal.size_ratio: 1
2020/01/26-21:47:05.240768 7f0d7def3700 Options.compaction_options_universal.min_merge_width: 2
2020/01/26-21:47:05.240770 7f0d7def3700 Options.compaction_options_universal.max_merge_width: 4294967295
2020/01/26-21:47:05.240772 7f0d7def3700 Options.compaction_options_universal.max_size_amplification_percent: 200
2020/01/26-21:47:05.240775 7f0d7def3700 Options.compaction_options_universal.compression_size_percent: -1
2020/01/26-21:47:05.240777 7f0d7def3700 Options.compaction_options_universal.stop_style: kCompactionStopStyleTotalSize
2020/01/26-21:47:05.240779 7f0d7def3700 Options.compaction_options_fifo.max_table_files_size: 1073741824
2020/01/26-21:47:05.240781 7f0d7def3700 Options.compaction_options_fifo.allow_compaction: 0
2020/01/26-21:47:05.240784 7f0d7def3700                   Options.table_properties_collectors: 
2020/01/26-21:47:05.240786 7f0d7def3700                   Options.inplace_update_support: 0
2020/01/26-21:47:05.240788 7f0d7def3700                 Options.inplace_update_num_locks: 10000
2020/01/26-21:47:05.240790 7f0d7def3700               Options.memtable_prefix_bloom_size_ratio: 0.000000
2020/01/26-21:47:05.240793 7f0d7def3700               Options.memtable_whole_key_filtering: 0
2020/01/26-21:47:05.240795 7f0d7def3700   Options.memtable_huge_page_size: 0
2020/01/26-21:47:05.240798 7f0d7def3700                           Options.bloom_locality: 0
2020/01/26-21:47:05.240800 7f0d7def3700                    Options.max_successive_merges: 0
2020/01/26-21:47:05.240802 7f0d7def3700                Options.optimize_filters_for_hits: 0
2020/01/26-21:47:05.240804 7f0d7def3700                Options.paranoid_file_checks: 0
2020/01/26-21:47:05.240819 7f0d7def3700                Options.force_consistency_checks: 0
2020/01/26-21:47:05.240823 7f0d7def3700                Options.report_bg_io_stats: 0
2020/01/26-21:47:05.240825 7f0d7def3700                               Options.ttl: 0
2020/01/26-21:47:05.240925 7f0d7def3700 [/db_impl.cc:1806] Created column family [usertable] (ID 1)
2020/01/26-21:47:05.323651 7f0d7def3700 DB pointer 0x7f0c800af300
2020/01/26-21:47:05.324247 7f0d2d7fa700 [/db_impl.cc:777] ------- DUMPING STATS -------
2020/01/26-21:47:05.324364 7f0d2d7fa700 [/db_impl.cc:778] 
** DB Stats **
Uptime(secs): 0.2 total, 0.2 interval
Cumulative writes: 0 writes, 0 keys, 0 commit groups, 0.0 writes per commit group, ingest: 0.00 GB, 0.00 MB/s
Cumulative WAL: 0 writes, 0 syncs, 0.00 writes per sync, written: 0.00 GB, 0.00 MB/s
Cumulative stall: 00:00:0.000 H:M:S, 0.0 percent
Interval writes: 0 writes, 0 keys, 0 commit groups, 0.0 writes per commit group, ingest: 0.00 MB, 0.00 MB/s
Interval WAL: 0 writes, 0 syncs, 0.00 writes per sync, written: 0.00 MB, 0.00 MB/s
Interval stall: 00:00:0.000 H:M:S, 0.0 percent

** Compaction Stats [default] **
Level    Files   Size     Score Read(GB)  Rn(GB) Rnp1(GB) Write(GB) Wnew(GB) Moved(GB) W-Amp Rd(MB/s) Wr(MB/s) Comp(sec) CompMergeCPU(sec) Comp(cnt) Avg(sec) KeyIn KeyDrop
----------------------------------------------------------------------------------------------------------------------------------------------------------------------------
 Sum      0/0    0.00 KB   0.0      0.0     0.0      0.0       0.0      0.0       0.0   0.0      0.0      0.0      0.00              0.00         0    0.000       0      0
 Int      0/0    0.00 KB   0.0      0.0     0.0      0.0       0.0      0.0       0.0   0.0      0.0      0.0      0.00              0.00         0    0.000       0      0

** Compaction Stats [default] **
Priority    Files   Size     Score Read(GB)  Rn(GB) Rnp1(GB) Write(GB) Wnew(GB) Moved(GB) W-Amp Rd(MB/s) Wr(MB/s) Comp(sec) CompMergeCPU(sec) Comp(cnt) Avg(sec) KeyIn KeyDrop
-------------------------------------------------------------------------------------------------------------------------------------------------------------------------------
Uptime(secs): 0.2 total, 0.2 interval
Flush(GB): cumulative 0.000, interval 0.000
AddFile(GB): cumulative 0.000, interval 0.000
AddFile(Total Files): cumulative 0, interval 0
AddFile(L0 Files): cumulative 0, interval 0
AddFile(Keys): cumulative 0, interval 0
Cumulative compaction: 0.00 GB write, 0.00 MB/s write, 0.00 GB read, 0.00 MB/s read, 0.0 seconds
Interval compaction: 0.00 GB write, 0.00 MB/s write, 0.00 GB read, 0.00 MB/s read, 0.0 seconds
Stalls(count): 0 level0_slowdown, 0 level0_slowdown_with_compaction, 0 level0_numfiles, 0 level0_numfiles_with_compaction, 0 stop for pending_compaction_bytes, 0 slowdown for pending_compaction_bytes, 0 memtable_compaction, 0 memtable_slowdown, interval 0 total count

** File Read Latency Histogram By Level [default] **

** Compaction Stats [usertable] **
Level    Files   Size     Score Read(GB)  Rn(GB) Rnp1(GB) Write(GB) Wnew(GB) Moved(GB) W-Amp Rd(MB/s) Wr(MB/s) Comp(sec) CompMergeCPU(sec) Comp(cnt) Avg(sec) KeyIn KeyDrop
----------------------------------------------------------------------------------------------------------------------------------------------------------------------------
 Sum      0/0    0.00 KB   0.0      0.0     0.0      0.0       0.0      0.0       0.0   0.0      0.0      0.0      0.00              0.00         0    0.000       0      0
 Int      0/0    0.00 KB   0.0      0.0     0.0      0.0       0.0      0.0       0.0   0.0      0.0      0.0      0.00              0.00         0    0.000       0      0

** Compaction Stats [usertable] **
Priority    Files   Size     Score Read(GB)  Rn(GB) Rnp1(GB) Write(GB) Wnew(GB) Moved(GB) W-Amp Rd(MB/s) Wr(MB/s) Comp(sec) CompMergeCPU(sec) Comp(cnt) Avg(sec) KeyIn KeyDrop
-------------------------------------------------------------------------------------------------------------------------------------------------------------------------------
Uptime(secs): 0.1 total, 0.1 interval
Flush(GB): cumulative 0.000, interval 0.000
AddFile(GB): cumulative 0.000, interval 0.000
AddFile(Total Files): cumulative 0, interval 0
AddFile(L0 Files): cumulative 0, interval 0
AddFile(Keys): cumulative 0, interval 0
Cumulative compaction: 0.00 GB write, 0.00 MB/s write, 0.00 GB read, 0.00 MB/s read, 0.0 seconds
Interval compaction: 0.00 GB write, 0.00 MB/s write, 0.00 GB read, 0.00 MB/s read, 0.0 seconds
Stalls(count): 0 level0_slowdown, 0 level0_slowdown_with_compaction, 0 level0_numfiles, 0 level0_numfiles_with_compaction, 0 stop for pending_compaction_bytes, 0 slowdown for pending_compaction_bytes, 0 memtable_compaction, 0 memtable_slowdown, interval 0 total count

** File Read Latency Histogram By Level [usertable] **

** Compaction Stats [default] **
Level    Files   Size     Score Read(GB)  Rn(GB) Rnp1(GB) Write(GB) Wnew(GB) Moved(GB) W-Amp Rd(MB/s) Wr(MB/s) Comp(sec) CompMergeCPU(sec) Comp(cnt) Avg(sec) KeyIn KeyDrop
----------------------------------------------------------------------------------------------------------------------------------------------------------------------------
 Sum      0/0    0.00 KB   0.0      0.0     0.0      0.0       0.0      0.0       0.0   0.0      0.0      0.0      0.00              0.00         0    0.000       0      0
 Int      0/0    0.00 KB   0.0      0.0     0.0      0.0       0.0      0.0       0.0   0.0      0.0      0.0      0.00              0.00         0    0.000       0      0

** Compaction Stats [default] **
Priority    Files   Size     Score Read(GB)  Rn(GB) Rnp1(GB) Write(GB) Wnew(GB) Moved(GB) W-Amp Rd(MB/s) Wr(MB/s) Comp(sec) CompMergeCPU(sec) Comp(cnt) Avg(sec) KeyIn KeyDrop
-------------------------------------------------------------------------------------------------------------------------------------------------------------------------------
Uptime(secs): 0.2 total, 0.0 interval
Flush(GB): cumulative 0.000, interval 0.000
AddFile(GB): cumulative 0.000, interval 0.000
AddFile(Total Files): cumulative 0, interval 0
AddFile(L0 Files): cumulative 0, interval 0
AddFile(Keys): cumulative 0, interval 0
Cumulative compaction: 0.00 GB write, 0.00 MB/s write, 0.00 GB read, 0.00 MB/s read, 0.0 seconds
Interval compaction: 0.00 GB write, 0.00 MB/s write, 0.00 GB read, 0.00 MB/s read, 0.0 seconds
Stalls(count): 0 level0_slowdown, 0 level0_slowdown_with_compaction, 0 level0_numfiles, 0 level0_numfiles_with_compaction, 0 stop for pending_compaction_bytes, 0 slowdown for pending_compaction_bytes, 0 memtable_compaction, 0 memtable_slowdown, interval 0 total count

** File Read Latency Histogram By Level [default] **

** Compaction Stats [usertable] **
Level    Files   Size     Score Read(GB)  Rn(GB) Rnp1(GB) Write(GB) Wnew(GB) Moved(GB) W-Amp Rd(MB/s) Wr(MB/s) Comp(sec) CompMergeCPU(sec) Comp(cnt) Avg(sec) KeyIn KeyDrop
----------------------------------------------------------------------------------------------------------------------------------------------------------------------------
 Sum      0/0    0.00 KB   0.0      0.0     0.0      0.0       0.0      0.0       0.0   0.0      0.0      0.0      0.00              0.00         0    0.000       0      0
 Int      0/0    0.00 KB   0.0      0.0     0.0      0.0       0.0      0.0       0.0   0.0      0.0      0.0      0.00              0.00         0    0.000       0      0

** Compaction Stats [usertable] **
Priority    Files   Size     Score Read(GB)  Rn(GB) Rnp1(GB) Write(GB) Wnew(GB) Moved(GB) W-Amp Rd(MB/s) Wr(MB/s) Comp(sec) CompMergeCPU(sec) Comp(cnt) Avg(sec) KeyIn KeyDrop
-------------------------------------------------------------------------------------------------------------------------------------------------------------------------------
Uptime(secs): 0.1 total, 0.0 interval
Flush(GB): cumulative 0.000, interval 0.000
AddFile(GB): cumulative 0.000, interval 0.000
AddFile(Total Files): cumulative 0, interval 0
AddFile(L0 Files): cumulative 0, interval 0
AddFile(Keys): cumulative 0, interval 0
Cumulative compaction: 0.00 GB write, 0.00 MB/s write, 0.00 GB read, 0.00 MB/s read, 0.0 seconds
Interval compaction: 0.00 GB write, 0.00 MB/s write, 0.00 GB read, 0.00 MB/s read, 0.0 seconds
Stalls(count): 0 level0_slowdown, 0 level0_slowdown_with_compaction, 0 level0_numfiles, 0 level0_numfiles_with_compaction, 0 stop for pending_compaction_bytes, 0 slowdown for pending_compaction_bytes, 0 memtable_compaction, 0 memtable_slowdown, interval 0 total count

** File Read Latency Histogram By Level [usertable] **
2020/01/26-21:47:14.117739 7f0d5c2f3700 [/db_impl_write.cc:1470] [usertable] New memtable created with log file: #9. Immutable memtables: 0.
2020/01/26-21:47:22.905746 7f0d6c5f6700 [/db_impl_write.cc:1470] [usertable] New memtable created with log file: #10. Immutable memtables: 1.
2020/01/26-21:47:22.906781 7f0d567fc700 [/db_impl_compaction_flush.cc:108] [JOB 26] Syncing log #3
2020/01/26-21:47:23.158105 7f0d567fc700 [/db_impl_compaction_flush.cc:108] [JOB 26] Syncing log #9
2020/01/26-21:47:23.651584 7f0d567fc700 (Original Log Time 2020/01/26-21:47:22.906644) [/db_impl_compaction_flush.cc:2073] Calling FlushMemTableToOutputFile with column family [usertable], flush slots available 24, compaction slots available 1, flush slots scheduled 24, compaction slots scheduled 0
2020/01/26-21:47:23.651616 7f0d567fc700 [/flush_job.cc:322] [usertable] [JOB 26] Flushing memtable with next log file: 9
2020/01/26-21:47:23.651641 7f0d567fc700 [/flush_job.cc:322] [usertable] [JOB 26] Flushing memtable with next log file: 10
2020/01/26-21:47:23.651788 7f0d567fc700 EVENT_LOG_v1 {"time_micros": 1580104043651742, "job": 26, "event": "flush_started", "num_memtables": 2, "num_entries": 61512, "num_deletes": 0, "total_data_size": 253613976, "memory_usage": 260127464, "flush_reason": "Write Buffer Full"}
2020/01/26-21:47:23.651805 7f0d567fc700 [/flush_job.cc:351] [usertable] [JOB 26] Level-0 flush table #11: started
2020/01/26-21:47:24.666703 7f0d567fc700 EVENT_LOG_v1 {"time_micros": 1580104044666681, "cf_name": "usertable", "job": 26, "event": "table_file_creation", "file_number": 11, "file_size": 254745602, "table_properties": {"data_size": 253613976, "index_size": 1130875, "filter_size": 0, "raw_key_size": 1476288, "raw_average_key_size": 24, "raw_value_size": 251953152, "raw_average_value_size": 4096, "num_data_blocks": 30756, "num_entries": 61512, "filter_policy_name": ""}}
2020/01/26-21:47:24.666744 7f0d567fc700 [/flush_job.cc:392] [usertable] [JOB 26] Level-0 flush table #11: 254745602 bytes OK
2020/01/26-21:47:24.695837 7f0d567fc700 (Original Log Time 2020/01/26-21:47:24.666775) [/memtable_list.cc:380] [usertable] Level-0 commit table #11 started
2020/01/26-21:47:24.695847 7f0d567fc700 (Original Log Time 2020/01/26-21:47:24.695579) [/memtable_list.cc:428] [usertable] Level-0 commit table #11: memtable #1 done
2020/01/26-21:47:24.695850 7f0d567fc700 (Original Log Time 2020/01/26-21:47:24.695592) [/memtable_list.cc:428] [usertable] Level-0 commit table #11: memtable #2 done
2020/01/26-21:47:24.695854 7f0d567fc700 (Original Log Time 2020/01/26-21:47:24.695651) EVENT_LOG_v1 {"time_micros": 1580104044695621, "job": 26, "event": "flush_finished", "output_compression": "NoCompression", "lsm_state": [1, 0, 0, 0, 0, 0, 0], "immutable_memtables": 0}
2020/01/26-21:47:24.695858 7f0d567fc700 (Original Log Time 2020/01/26-21:47:24.695709) [/db_impl_compaction_flush.cc:201] [usertable] Level summary: files[1 0 0 0 0 0 0] max score 0.50
2020/01/26-21:47:24.695882 7f0d567fc700 [/db_impl_files.cc:356] [JOB 26] Try to delete WAL files size 253942896, prev total WAL file size 279819568, number of live WAL files 3.
2020/01/26-21:47:31.693460 7f0d742f8700 [/db_impl_write.cc:1470] [usertable] New memtable created with log file: #12. Immutable memtables: 0.
2020/01/26-21:47:40.480780 7f0d747fd700 [/db_impl_write.cc:1470] [usertable] New memtable created with log file: #13. Immutable memtables: 1.
2020/01/26-21:47:40.481327 7f0d567fc700 [/db_impl_compaction_flush.cc:108] [JOB 95] Syncing log #10
2020/01/26-21:47:40.993748 7f0d567fc700 [/db_impl_compaction_flush.cc:108] [JOB 95] Syncing log #12
2020/01/26-21:47:41.488581 7f0d567fc700 (Original Log Time 2020/01/26-21:47:40.481270) [/db_impl_compaction_flush.cc:2073] Calling FlushMemTableToOutputFile with column family [usertable], flush slots available 24, compaction slots available 1, flush slots scheduled 24, compaction slots scheduled 0
2020/01/26-21:47:41.488608 7f0d567fc700 [/flush_job.cc:322] [usertable] [JOB 95] Flushing memtable with next log file: 12
2020/01/26-21:47:41.488622 7f0d567fc700 [/flush_job.cc:322] [usertable] [JOB 95] Flushing memtable with next log file: 13
2020/01/26-21:47:41.488688 7f0d567fc700 EVENT_LOG_v1 {"time_micros": 1580104061488666, "job": 95, "event": "flush_started", "num_memtables": 2, "num_entries": 61515, "num_deletes": 0, "total_data_size": 253626345, "memory_usage": 260064800, "flush_reason": "Write Buffer Full"}
2020/01/26-21:47:41.488699 7f0d567fc700 [/flush_job.cc:351] [usertable] [JOB 95] Level-0 flush table #14: started
2020/01/26-21:47:42.602313 7f0d567fc700 EVENT_LOG_v1 {"time_micros": 1580104062602282, "cf_name": "usertable", "job": 95, "event": "table_file_creation", "file_number": 14, "file_size": 254758057, "table_properties": {"data_size": 253626359, "index_size": 1130947, "filter_size": 0, "raw_key_size": 1476360, "raw_average_key_size": 24, "raw_value_size": 251965440, "raw_average_value_size": 4096, "num_data_blocks": 30758, "num_entries": 61515, "filter_policy_name": ""}}
2020/01/26-21:47:42.602380 7f0d567fc700 [/flush_job.cc:392] [usertable] [JOB 95] Level-0 flush table #14: 254758057 bytes OK
2020/01/26-21:47:42.631257 7f0d567fc700 (Original Log Time 2020/01/26-21:47:42.602417) [/memtable_list.cc:380] [usertable] Level-0 commit table #14 started
2020/01/26-21:47:42.631265 7f0d567fc700 (Original Log Time 2020/01/26-21:47:42.631095) [/memtable_list.cc:428] [usertable] Level-0 commit table #14: memtable #1 done
2020/01/26-21:47:42.631275 7f0d567fc700 (Original Log Time 2020/01/26-21:47:42.631102) [/memtable_list.cc:428] [usertable] Level-0 commit table #14: memtable #2 done
2020/01/26-21:47:42.631280 7f0d567fc700 (Original Log Time 2020/01/26-21:47:42.631140) EVENT_LOG_v1 {"time_micros": 1580104062631121, "job": 95, "event": "flush_finished", "output_compression": "NoCompression", "lsm_state": [2, 0, 0, 0, 0, 0, 0], "immutable_memtables": 0}
2020/01/26-21:47:42.631284 7f0d567fc700 (Original Log Time 2020/01/26-21:47:42.631201) [/db_impl_compaction_flush.cc:201] [usertable] Level summary: files[2 0 0 0 0 0 0] max score 1.00
2020/01/26-21:47:42.631307 7f0d567fc700 [/db_impl_files.cc:356] [JOB 95] Try to delete WAL files size 253959363, prev total WAL file size 285050458, number of live WAL files 3.
2020/01/26-21:47:42.660427 7f0d57fff700 (Original Log Time 2020/01/26-21:47:42.631524) [/db_impl_compaction_flush.cc:2536] [usertable] Moving #14 to level-1 254758057 bytes
