2020/03/28-13:15:41.983520 7f57bff200 RocksDB version: 6.1.2
2020/03/28-13:15:41.983672 7f57bff200 Git sha rocksdb_build_git_sha:2b38e2dd6602a17a2010308580fd5d8c91dea650
2020/03/28-13:15:41.983679 7f57bff200 Compile date Mar 25 2020
2020/03/28-13:15:41.983713 7f57bff200 DB SUMMARY
2020/03/28-13:15:41.984663 7f57bff200 CURRENT file:  CURRENT
2020/03/28-13:15:41.984674 7f57bff200 IDENTITY file:  IDENTITY
2020/03/28-13:15:41.984696 7f57bff200 MANIFEST file:  MANIFEST-000004 size: 126463 Bytes
2020/03/28-13:15:41.984703 7f57bff200 SST files in /mnt/sda/mbwu-rocksdb-data dir, Total Num: 667, files: 000021.sst 000022.sst 000023.sst 000024.sst 000028.sst 000029.sst 000030.sst 000031.sst 000035.sst 
2020/03/28-13:15:41.984707 7f57bff200 Write Ahead Log file in /mnt/sda/mbwu-rocksdb-data: 001227.log size: 127141321 ; 001233.log size: 77977580 ; 
2020/03/28-13:15:41.984718 7f57bff200                         Options.error_if_exists: 0
2020/03/28-13:15:41.984721 7f57bff200                       Options.create_if_missing: 1
2020/03/28-13:15:41.984724 7f57bff200                         Options.paranoid_checks: 1
2020/03/28-13:15:41.984726 7f57bff200                                     Options.env: 0x7f579fa768
2020/03/28-13:15:41.984729 7f57bff200                                Options.info_log: 0x7f48085720
2020/03/28-13:15:41.984732 7f57bff200                Options.max_file_opening_threads: 16
2020/03/28-13:15:41.984735 7f57bff200                              Options.statistics: (nil)
2020/03/28-13:15:41.984737 7f57bff200                               Options.use_fsync: 0
2020/03/28-13:15:41.984740 7f57bff200                       Options.max_log_file_size: 0
2020/03/28-13:15:41.984743 7f57bff200                  Options.max_manifest_file_size: 1073741824
2020/03/28-13:15:41.984746 7f57bff200                   Options.log_file_time_to_roll: 0
2020/03/28-13:15:41.984749 7f57bff200                       Options.keep_log_file_num: 1000
2020/03/28-13:15:41.984751 7f57bff200                    Options.recycle_log_file_num: 0
2020/03/28-13:15:41.984754 7f57bff200                         Options.allow_fallocate: 1
2020/03/28-13:15:41.984757 7f57bff200                        Options.allow_mmap_reads: 0
2020/03/28-13:15:41.984759 7f57bff200                       Options.allow_mmap_writes: 0
2020/03/28-13:15:41.984762 7f57bff200                        Options.use_direct_reads: 0
2020/03/28-13:15:41.984764 7f57bff200                        Options.use_direct_io_for_flush_and_compaction: 0
2020/03/28-13:15:41.984767 7f57bff200          Options.create_missing_column_families: 1
2020/03/28-13:15:41.984770 7f57bff200                              Options.db_log_dir: 
2020/03/28-13:15:41.984773 7f57bff200                                 Options.wal_dir: /mnt/sda/mbwu-rocksdb-data
2020/03/28-13:15:41.984775 7f57bff200                Options.table_cache_numshardbits: 6
2020/03/28-13:15:41.984778 7f57bff200                      Options.max_subcompactions: 1
2020/03/28-13:15:41.984780 7f57bff200                  Options.max_background_flushes: 6
2020/03/28-13:15:41.984783 7f57bff200                         Options.WAL_ttl_seconds: 0
2020/03/28-13:15:41.984785 7f57bff200                       Options.WAL_size_limit_MB: 0
2020/03/28-13:15:41.984788 7f57bff200             Options.manifest_preallocation_size: 4194304
2020/03/28-13:15:41.984791 7f57bff200                     Options.is_fd_close_on_exec: 1
2020/03/28-13:15:41.984793 7f57bff200                   Options.advise_random_on_open: 1
2020/03/28-13:15:41.984796 7f57bff200                    Options.db_write_buffer_size: 0
2020/03/28-13:15:41.984799 7f57bff200                    Options.write_buffer_manager: 0x7f48085fc0
2020/03/28-13:15:41.984801 7f57bff200         Options.access_hint_on_compaction_start: 1
2020/03/28-13:15:41.984804 7f57bff200  Options.new_table_reader_for_compaction_inputs: 0
2020/03/28-13:15:41.984807 7f57bff200           Options.random_access_max_buffer_size: 1048576
2020/03/28-13:15:41.984809 7f57bff200                      Options.use_adaptive_mutex: 0
2020/03/28-13:15:41.984812 7f57bff200                            Options.rate_limiter: (nil)
2020/03/28-13:15:41.984851 7f57bff200     Options.sst_file_manager.rate_bytes_per_sec: 0
2020/03/28-13:15:41.984856 7f57bff200                       Options.wal_recovery_mode: 2
2020/03/28-13:15:41.984858 7f57bff200                  Options.enable_thread_tracking: 0
2020/03/28-13:15:41.984861 7f57bff200                  Options.enable_pipelined_write: 0
2020/03/28-13:15:41.984863 7f57bff200         Options.allow_concurrent_memtable_write: 1
2020/03/28-13:15:41.984866 7f57bff200      Options.enable_write_thread_adaptive_yield: 1
2020/03/28-13:15:41.984869 7f57bff200             Options.write_thread_max_yield_usec: 100
2020/03/28-13:15:41.984871 7f57bff200            Options.write_thread_slow_yield_usec: 3
2020/03/28-13:15:41.984874 7f57bff200                               Options.row_cache: None
2020/03/28-13:15:41.984876 7f57bff200                              Options.wal_filter: None
2020/03/28-13:15:41.984879 7f57bff200             Options.avoid_flush_during_recovery: 0
2020/03/28-13:15:41.984882 7f57bff200             Options.allow_ingest_behind: 0
2020/03/28-13:15:41.984884 7f57bff200             Options.preserve_deletes: 0
2020/03/28-13:15:41.984887 7f57bff200             Options.two_write_queues: 0
2020/03/28-13:15:41.984889 7f57bff200             Options.manual_wal_flush: 0
2020/03/28-13:15:41.984892 7f57bff200             Options.atomic_flush: 0
2020/03/28-13:15:41.984894 7f57bff200             Options.avoid_unnecessary_blocking_io: 0
2020/03/28-13:15:41.984899 7f57bff200             Options.max_background_jobs: 6
2020/03/28-13:15:41.984901 7f57bff200             Options.max_background_compactions: 6
2020/03/28-13:15:41.984904 7f57bff200             Options.avoid_flush_during_shutdown: 0
2020/03/28-13:15:41.984906 7f57bff200           Options.writable_file_max_buffer_size: 1048576
2020/03/28-13:15:41.984909 7f57bff200             Options.delayed_write_rate : 16777216
2020/03/28-13:15:41.984912 7f57bff200             Options.max_total_wal_size: 0
2020/03/28-13:15:41.984915 7f57bff200             Options.delete_obsolete_files_period_micros: 21600000000
2020/03/28-13:15:41.984917 7f57bff200                   Options.stats_dump_period_sec: 600
2020/03/28-13:15:41.984920 7f57bff200                 Options.stats_persist_period_sec: 600
2020/03/28-13:15:41.984922 7f57bff200                 Options.stats_history_buffer_size: 1048576
2020/03/28-13:15:41.984925 7f57bff200                          Options.max_open_files: -1
2020/03/28-13:15:41.984927 7f57bff200                          Options.bytes_per_sync: 1048576
2020/03/28-13:15:41.984930 7f57bff200                      Options.wal_bytes_per_sync: 0
2020/03/28-13:15:41.984933 7f57bff200       Options.compaction_readahead_size: 0
2020/03/28-13:15:41.984935 7f57bff200 Compression algorithms supported:
2020/03/28-13:15:41.984939 7f57bff200 	kZSTDNotFinalCompression supported: 1
2020/03/28-13:15:41.984973 7f57bff200 	kZSTD supported: 1
2020/03/28-13:15:41.984978 7f57bff200 	kXpressCompression supported: 0
2020/03/28-13:15:41.984981 7f57bff200 	kLZ4HCCompression supported: 1
2020/03/28-13:15:41.984984 7f57bff200 	kLZ4Compression supported: 1
2020/03/28-13:15:41.984986 7f57bff200 	kBZip2Compression supported: 1
2020/03/28-13:15:41.984989 7f57bff200 	kZlibCompression supported: 1
2020/03/28-13:15:41.984992 7f57bff200 	kSnappyCompression supported: 1
2020/03/28-13:15:41.984999 7f57bff200 Fast CRC32 supported: Not supported on x86
2020/03/28-13:15:41.985750 7f57bff200 [/version_set.cc:3543] Recovering from manifest file: /mnt/sda/mbwu-rocksdb-data/MANIFEST-000004
2020/03/28-13:15:41.985979 7f57bff200 [/column_family.cc:477] --------------- Options for column family [default]:
2020/03/28-13:15:41.985988 7f57bff200               Options.comparator: leveldb.BytewiseComparator
2020/03/28-13:15:41.985992 7f57bff200           Options.merge_operator: None
2020/03/28-13:15:41.985995 7f57bff200        Options.compaction_filter: None
2020/03/28-13:15:41.985998 7f57bff200        Options.compaction_filter_factory: None
2020/03/28-13:15:41.986000 7f57bff200         Options.memtable_factory: SkipListFactory
2020/03/28-13:15:41.986033 7f57bff200            Options.table_factory: BlockBasedTable
2020/03/28-13:15:41.986082 7f57bff200            table_factory options:   flush_block_policy_factory: FlushBlockBySizePolicyFactory (0x7f48077680)
  cache_index_and_filter_blocks: 0
  cache_index_and_filter_blocks_with_high_priority: 0
  pin_l0_filter_and_index_blocks_in_cache: 0
  pin_top_level_index_and_filter: 1
  index_type: 0
  data_block_index_type: 0
  data_block_hash_table_util_ratio: 0.750000
  hash_index_allow_collision: 1
  checksum: 1
  no_block_cache: 0
  block_cache: 0x7f48077790
  block_cache_name: LRUCache
  block_cache_options:
    capacity : 8388608
    num_shard_bits : 4
    strict_capacity_limit : 0
    memory_allocator : None
    high_pri_pool_ratio: 0.000
  block_cache_compressed: (nil)
  persistent_cache: (nil)
  block_size: 4096
  block_size_deviation: 10
  block_restart_interval: 16
  index_block_restart_interval: 1
  metadata_block_size: 4096
  partition_filters: 0
  use_delta_encoding: 1
  filter_policy: nullptr
  whole_key_filtering: 1
  verify_compression: 0
  read_amp_bytes_per_bit: 0
  format_version: 2
  enable_index_compression: 1
  block_align: 0
2020/03/28-13:15:41.986086 7f57bff200        Options.write_buffer_size: 134217728
2020/03/28-13:15:41.986089 7f57bff200  Options.max_write_buffer_number: 6
2020/03/28-13:15:41.986092 7f57bff200        Options.compression[0]: NoCompression
2020/03/28-13:15:41.986095 7f57bff200        Options.compression[1]: NoCompression
2020/03/28-13:15:41.986098 7f57bff200        Options.compression[2]: Snappy
2020/03/28-13:15:41.986100 7f57bff200        Options.compression[3]: Snappy
2020/03/28-13:15:41.986103 7f57bff200        Options.compression[4]: Snappy
2020/03/28-13:15:41.986105 7f57bff200        Options.compression[5]: Snappy
2020/03/28-13:15:41.986108 7f57bff200        Options.compression[6]: Snappy
2020/03/28-13:15:41.986111 7f57bff200                  Options.bottommost_compression: Disabled
2020/03/28-13:15:41.986114 7f57bff200       Options.prefix_extractor: nullptr
2020/03/28-13:15:41.986116 7f57bff200   Options.memtable_insert_with_hint_prefix_extractor: nullptr
2020/03/28-13:15:41.986119 7f57bff200             Options.num_levels: 7
2020/03/28-13:15:41.986121 7f57bff200        Options.min_write_buffer_number_to_merge: 2
2020/03/28-13:15:41.986124 7f57bff200     Options.max_write_buffer_number_to_maintain: 0
2020/03/28-13:15:41.986126 7f57bff200            Options.bottommost_compression_opts.window_bits: -14
2020/03/28-13:15:41.986128 7f57bff200                  Options.bottommost_compression_opts.level: 32767
2020/03/28-13:15:41.986131 7f57bff200               Options.bottommost_compression_opts.strategy: 0
2020/03/28-13:15:41.986134 7f57bff200         Options.bottommost_compression_opts.max_dict_bytes: 0
2020/03/28-13:15:41.986136 7f57bff200         Options.bottommost_compression_opts.zstd_max_train_bytes: 0
2020/03/28-13:15:41.986139 7f57bff200                  Options.bottommost_compression_opts.enabled: false
2020/03/28-13:15:41.986141 7f57bff200            Options.compression_opts.window_bits: -14
2020/03/28-13:15:41.986144 7f57bff200                  Options.compression_opts.level: 32767
2020/03/28-13:15:41.986146 7f57bff200               Options.compression_opts.strategy: 0
2020/03/28-13:15:41.986149 7f57bff200         Options.compression_opts.max_dict_bytes: 0
2020/03/28-13:15:41.986151 7f57bff200         Options.compression_opts.zstd_max_train_bytes: 0
2020/03/28-13:15:41.986154 7f57bff200                  Options.compression_opts.enabled: false
2020/03/28-13:15:41.986156 7f57bff200      Options.level0_file_num_compaction_trigger: 2
2020/03/28-13:15:41.986159 7f57bff200          Options.level0_slowdown_writes_trigger: 20
2020/03/28-13:15:41.986161 7f57bff200              Options.level0_stop_writes_trigger: 36
2020/03/28-13:15:41.986164 7f57bff200                   Options.target_file_size_base: 67108864
2020/03/28-13:15:41.986167 7f57bff200             Options.target_file_size_multiplier: 1
2020/03/28-13:15:41.986170 7f57bff200                Options.max_bytes_for_level_base: 536870912
2020/03/28-13:15:41.986185 7f57bff200 Options.level_compaction_dynamic_level_bytes: 0
2020/03/28-13:15:41.986189 7f57bff200          Options.max_bytes_for_level_multiplier: 10.000000
2020/03/28-13:15:41.986194 7f57bff200 Options.max_bytes_for_level_multiplier_addtl[0]: 1
2020/03/28-13:15:41.986198 7f57bff200 Options.max_bytes_for_level_multiplier_addtl[1]: 1
2020/03/28-13:15:41.986200 7f57bff200 Options.max_bytes_for_level_multiplier_addtl[2]: 1
2020/03/28-13:15:41.986203 7f57bff200 Options.max_bytes_for_level_multiplier_addtl[3]: 1
2020/03/28-13:15:41.986205 7f57bff200 Options.max_bytes_for_level_multiplier_addtl[4]: 1
2020/03/28-13:15:41.986208 7f57bff200 Options.max_bytes_for_level_multiplier_addtl[5]: 1
2020/03/28-13:15:41.986210 7f57bff200 Options.max_bytes_for_level_multiplier_addtl[6]: 1
2020/03/28-13:15:41.986212 7f57bff200       Options.max_sequential_skip_in_iterations: 8
2020/03/28-13:15:41.986215 7f57bff200                    Options.max_compaction_bytes: 1677721600
2020/03/28-13:15:41.986218 7f57bff200                        Options.arena_block_size: 16777216
2020/03/28-13:15:41.986220 7f57bff200   Options.soft_pending_compaction_bytes_limit: 68719476736
2020/03/28-13:15:41.986223 7f57bff200   Options.hard_pending_compaction_bytes_limit: 274877906944
2020/03/28-13:15:41.986226 7f57bff200       Options.rate_limit_delay_max_milliseconds: 100
2020/03/28-13:15:41.986228 7f57bff200                Options.disable_auto_compactions: 0
2020/03/28-13:15:41.986232 7f57bff200                        Options.compaction_style: kCompactionStyleLevel
2020/03/28-13:15:41.986236 7f57bff200                          Options.compaction_pri: kMinOverlappingRatio
2020/03/28-13:15:41.986239 7f57bff200 Options.compaction_options_universal.size_ratio: 1
2020/03/28-13:15:41.986242 7f57bff200 Options.compaction_options_universal.min_merge_width: 2
2020/03/28-13:15:41.986245 7f57bff200 Options.compaction_options_universal.max_merge_width: 4294967295
2020/03/28-13:15:41.986247 7f57bff200 Options.compaction_options_universal.max_size_amplification_percent: 200
2020/03/28-13:15:41.986250 7f57bff200 Options.compaction_options_universal.compression_size_percent: -1
2020/03/28-13:15:41.986254 7f57bff200 Options.compaction_options_universal.stop_style: kCompactionStopStyleTotalSize
2020/03/28-13:15:41.986257 7f57bff200 Options.compaction_options_fifo.max_table_files_size: 1073741824
2020/03/28-13:15:41.986259 7f57bff200 Options.compaction_options_fifo.allow_compaction: 0
2020/03/28-13:15:41.986262 7f57bff200                   Options.table_properties_collectors: 
2020/03/28-13:15:41.986265 7f57bff200                   Options.inplace_update_support: 0
2020/03/28-13:15:41.986267 7f57bff200                 Options.inplace_update_num_locks: 10000
2020/03/28-13:15:41.986269 7f57bff200               Options.memtable_prefix_bloom_size_ratio: 0.000000
2020/03/28-13:15:41.986273 7f57bff200               Options.memtable_whole_key_filtering: 0
2020/03/28-13:15:41.986275 7f57bff200   Options.memtable_huge_page_size: 0
2020/03/28-13:15:41.986278 7f57bff200                           Options.bloom_locality: 0
2020/03/28-13:15:41.986280 7f57bff200                    Options.max_successive_merges: 0
2020/03/28-13:15:41.986283 7f57bff200                Options.optimize_filters_for_hits: 0
2020/03/28-13:15:41.986285 7f57bff200                Options.paranoid_file_checks: 0
2020/03/28-13:15:41.986288 7f57bff200                Options.force_consistency_checks: 0
2020/03/28-13:15:41.986291 7f57bff200                Options.report_bg_io_stats: 0
2020/03/28-13:15:41.986293 7f57bff200                               Options.ttl: 0
2020/03/28-13:15:41.986968 7f57bff200 [/column_family.cc:477] --------------- Options for column family [usertable]:
2020/03/28-13:15:41.986982 7f57bff200               Options.comparator: leveldb.BytewiseComparator
2020/03/28-13:15:41.986985 7f57bff200           Options.merge_operator: None
2020/03/28-13:15:41.986988 7f57bff200        Options.compaction_filter: None
2020/03/28-13:15:41.986991 7f57bff200        Options.compaction_filter_factory: None
2020/03/28-13:15:41.987025 7f57bff200         Options.memtable_factory: SkipListFactory
2020/03/28-13:15:41.987030 7f57bff200            Options.table_factory: BlockBasedTable
2020/03/28-13:15:41.987074 7f57bff200            table_factory options:   flush_block_policy_factory: FlushBlockBySizePolicyFactory (0x7f480762d0)
  cache_index_and_filter_blocks: 0
  cache_index_and_filter_blocks_with_high_priority: 0
  pin_l0_filter_and_index_blocks_in_cache: 0
  pin_top_level_index_and_filter: 1
  index_type: 0
  data_block_index_type: 0
  data_block_hash_table_util_ratio: 0.750000
  hash_index_allow_collision: 1
  checksum: 1
  no_block_cache: 0
  block_cache: 0x7f48076470
  block_cache_name: LRUCache
  block_cache_options:
    capacity : 8388608
    num_shard_bits : 4
    strict_capacity_limit : 0
    memory_allocator : None
    high_pri_pool_ratio: 0.000
  block_cache_compressed: (nil)
  persistent_cache: (nil)
  block_size: 4096
  block_size_deviation: 10
  block_restart_interval: 16
  index_block_restart_interval: 1
  metadata_block_size: 4096
  partition_filters: 0
  use_delta_encoding: 1
  filter_policy: nullptr
  whole_key_filtering: 1
  verify_compression: 0
  read_amp_bytes_per_bit: 0
  format_version: 2
  enable_index_compression: 1
  block_align: 0
2020/03/28-13:15:41.987078 7f57bff200        Options.write_buffer_size: 134217728
2020/03/28-13:15:41.987081 7f57bff200  Options.max_write_buffer_number: 6
2020/03/28-13:15:41.987084 7f57bff200        Options.compression[0]: NoCompression
2020/03/28-13:15:41.987087 7f57bff200        Options.compression[1]: NoCompression
2020/03/28-13:15:41.987089 7f57bff200        Options.compression[2]: Snappy
2020/03/28-13:15:41.987092 7f57bff200        Options.compression[3]: Snappy
2020/03/28-13:15:41.987094 7f57bff200        Options.compression[4]: Snappy
2020/03/28-13:15:41.987097 7f57bff200        Options.compression[5]: Snappy
2020/03/28-13:15:41.987099 7f57bff200        Options.compression[6]: Snappy
2020/03/28-13:15:41.987102 7f57bff200                  Options.bottommost_compression: Disabled
2020/03/28-13:15:41.987104 7f57bff200       Options.prefix_extractor: nullptr
2020/03/28-13:15:41.987107 7f57bff200   Options.memtable_insert_with_hint_prefix_extractor: nullptr
2020/03/28-13:15:41.987109 7f57bff200             Options.num_levels: 7
2020/03/28-13:15:41.987112 7f57bff200        Options.min_write_buffer_number_to_merge: 2
2020/03/28-13:15:41.987114 7f57bff200     Options.max_write_buffer_number_to_maintain: 0
2020/03/28-13:15:41.987116 7f57bff200            Options.bottommost_compression_opts.window_bits: -14
2020/03/28-13:15:41.987119 7f57bff200                  Options.bottommost_compression_opts.level: 32767
2020/03/28-13:15:41.987122 7f57bff200               Options.bottommost_compression_opts.strategy: 0
2020/03/28-13:15:41.987124 7f57bff200         Options.bottommost_compression_opts.max_dict_bytes: 0
2020/03/28-13:15:41.987127 7f57bff200         Options.bottommost_compression_opts.zstd_max_train_bytes: 0
2020/03/28-13:15:41.987129 7f57bff200                  Options.bottommost_compression_opts.enabled: false
2020/03/28-13:15:41.987131 7f57bff200            Options.compression_opts.window_bits: -14
2020/03/28-13:15:41.987134 7f57bff200                  Options.compression_opts.level: 32767
2020/03/28-13:15:41.987136 7f57bff200               Options.compression_opts.strategy: 0
2020/03/28-13:15:41.987139 7f57bff200         Options.compression_opts.max_dict_bytes: 0
2020/03/28-13:15:41.987141 7f57bff200         Options.compression_opts.zstd_max_train_bytes: 0
2020/03/28-13:15:41.987143 7f57bff200                  Options.compression_opts.enabled: false
2020/03/28-13:15:41.987146 7f57bff200      Options.level0_file_num_compaction_trigger: 2
2020/03/28-13:15:41.987148 7f57bff200          Options.level0_slowdown_writes_trigger: 20
2020/03/28-13:15:41.987151 7f57bff200              Options.level0_stop_writes_trigger: 36
2020/03/28-13:15:41.987153 7f57bff200                   Options.target_file_size_base: 67108864
2020/03/28-13:15:41.987173 7f57bff200             Options.target_file_size_multiplier: 1
2020/03/28-13:15:41.987177 7f57bff200                Options.max_bytes_for_level_base: 536870912
2020/03/28-13:15:41.987180 7f57bff200 Options.level_compaction_dynamic_level_bytes: 0
2020/03/28-13:15:41.987183 7f57bff200          Options.max_bytes_for_level_multiplier: 10.000000
2020/03/28-13:15:41.987187 7f57bff200 Options.max_bytes_for_level_multiplier_addtl[0]: 1
2020/03/28-13:15:41.987190 7f57bff200 Options.max_bytes_for_level_multiplier_addtl[1]: 1
2020/03/28-13:15:41.987192 7f57bff200 Options.max_bytes_for_level_multiplier_addtl[2]: 1
2020/03/28-13:15:41.987195 7f57bff200 Options.max_bytes_for_level_multiplier_addtl[3]: 1
2020/03/28-13:15:41.987197 7f57bff200 Options.max_bytes_for_level_multiplier_addtl[4]: 1
2020/03/28-13:15:41.987200 7f57bff200 Options.max_bytes_for_level_multiplier_addtl[5]: 1
2020/03/28-13:15:41.987202 7f57bff200 Options.max_bytes_for_level_multiplier_addtl[6]: 1
2020/03/28-13:15:41.987205 7f57bff200       Options.max_sequential_skip_in_iterations: 8
2020/03/28-13:15:41.987207 7f57bff200                    Options.max_compaction_bytes: 1677721600
2020/03/28-13:15:41.987210 7f57bff200                        Options.arena_block_size: 16777216
2020/03/28-13:15:41.987212 7f57bff200   Options.soft_pending_compaction_bytes_limit: 68719476736
2020/03/28-13:15:41.987215 7f57bff200   Options.hard_pending_compaction_bytes_limit: 274877906944
2020/03/28-13:15:41.987218 7f57bff200       Options.rate_limit_delay_max_milliseconds: 100
2020/03/28-13:15:41.987220 7f57bff200                Options.disable_auto_compactions: 0
2020/03/28-13:15:41.987223 7f57bff200                        Options.compaction_style: kCompactionStyleLevel
2020/03/28-13:15:41.987227 7f57bff200                          Options.compaction_pri: kMinOverlappingRatio
2020/03/28-13:15:41.987229 7f57bff200 Options.compaction_options_universal.size_ratio: 1
2020/03/28-13:15:41.987232 7f57bff200 Options.compaction_options_universal.min_merge_width: 2
2020/03/28-13:15:41.987234 7f57bff200 Options.compaction_options_universal.max_merge_width: 4294967295
2020/03/28-13:15:41.987237 7f57bff200 Options.compaction_options_universal.max_size_amplification_percent: 200
2020/03/28-13:15:41.987240 7f57bff200 Options.compaction_options_universal.compression_size_percent: -1
2020/03/28-13:15:41.987243 7f57bff200 Options.compaction_options_universal.stop_style: kCompactionStopStyleTotalSize
2020/03/28-13:15:41.987245 7f57bff200 Options.compaction_options_fifo.max_table_files_size: 1073741824
2020/03/28-13:15:41.987248 7f57bff200 Options.compaction_options_fifo.allow_compaction: 0
2020/03/28-13:15:41.987251 7f57bff200                   Options.table_properties_collectors: 
2020/03/28-13:15:41.987253 7f57bff200                   Options.inplace_update_support: 0
2020/03/28-13:15:41.987255 7f57bff200                 Options.inplace_update_num_locks: 10000
2020/03/28-13:15:41.987258 7f57bff200               Options.memtable_prefix_bloom_size_ratio: 0.000000
2020/03/28-13:15:41.987261 7f57bff200               Options.memtable_whole_key_filtering: 0
2020/03/28-13:15:41.987263 7f57bff200   Options.memtable_huge_page_size: 0
2020/03/28-13:15:41.987266 7f57bff200                           Options.bloom_locality: 0
2020/03/28-13:15:41.987268 7f57bff200                    Options.max_successive_merges: 0
2020/03/28-13:15:41.987271 7f57bff200                Options.optimize_filters_for_hits: 0
2020/03/28-13:15:41.987273 7f57bff200                Options.paranoid_file_checks: 0
2020/03/28-13:15:41.987276 7f57bff200                Options.force_consistency_checks: 0
2020/03/28-13:15:41.987278 7f57bff200                Options.report_bg_io_stats: 0
2020/03/28-13:15:41.987280 7f57bff200                               Options.ttl: 0
2020/03/28-13:15:43.074206 7f57bff200 [/version_set.cc:3757] Recovered from manifest file:/mnt/sda/mbwu-rocksdb-data/MANIFEST-000004 succeeded,manifest_file_number is 4, next_file_number is 1234, last_sequence is 10416342, log_number is 1227,prev_log_number is 0,max_column_family is 1,min_log_number_to_keep is 0
2020/03/28-13:15:43.074397 7f57bff200 [/version_set.cc:3766] Column family [default] (ID 0), log number is 0
2020/03/28-13:15:43.074450 7f57bff200 [/version_set.cc:3766] Column family [usertable] (ID 1), log number is 1227
2020/03/28-13:15:43.083338 7f57bff200 EVENT_LOG_v1 {"time_micros": 1585401343083297, "job": 1, "event": "recovery_started", "log_files": [1227, 1233]}
2020/03/28-13:15:43.083402 7f57bff200 [/db_impl_open.cc:583] Recovering log #1227 mode 2
2020/03/28-13:15:43.661504 7f57bff200 [/db_impl_open.cc:583] Recovering log #1233 mode 2
2020/03/28-13:15:44.318593 7f57bff200 EVENT_LOG_v1 {"time_micros": 1585401344318566, "cf_name": "usertable", "job": 1, "event": "table_file_creation", "file_number": 1234, "file_size": 129628697, "table_properties": {"data_size": 128482809, "index_size": 1145141, "filter_size": 0, "raw_key_size": 745368, "raw_average_key_size": 24, "raw_value_size": 127209472, "raw_average_value_size": 4096, "num_data_blocks": 31057, "num_entries": 31057, "filter_policy_name": ""}}
2020/03/28-13:15:44.664802 7f57bff200 [/version_set.cc:3036] Creating manifest 1235
2020/03/28-13:15:45.131514 7f57bff200 EVENT_LOG_v1 {"time_micros": 1585401345131491, "cf_name": "usertable", "job": 1, "event": "table_file_creation", "file_number": 1236, "file_size": 77463435, "table_properties": {"data_size": 76778583, "index_size": 684105, "filter_size": 0, "raw_key_size": 445416, "raw_average_key_size": 24, "raw_value_size": 76017664, "raw_average_value_size": 4096, "num_data_blocks": 18559, "num_entries": 18559, "filter_policy_name": ""}}
2020/03/28-13:15:45.160690 7f57bff200 EVENT_LOG_v1 {"time_micros": 1585401345160679, "job": 1, "event": "recovery_finished"}
2020/03/28-13:15:45.254214 7f57bff200 DB pointer 0x7f48084520
2020/03/28-13:15:45.256082 7f03fff200 [/db_impl.cc:777] ------- DUMPING STATS -------
2020/03/28-13:15:45.256318 7f03fff200 [/db_impl.cc:778] 
** DB Stats **
Uptime(secs): 3.3 total, 3.3 interval
Cumulative writes: 0 writes, 0 keys, 0 commit groups, 0.0 writes per commit group, ingest: 0.00 GB, 0.00 MB/s
Cumulative WAL: 0 writes, 0 syncs, 0.00 writes per sync, written: 0.00 GB, 0.00 MB/s
Cumulative stall: 00:00:0.000 H:M:S, 0.0 percent
Interval writes: 0 writes, 0 keys, 0 commit groups, 0.0 writes per commit group, ingest: 0.00 MB, 0.00 MB/s
Interval WAL: 0 writes, 0 syncs, 0.00 writes per sync, written: 0.00 MB, 0.00 MB/s
Interval stall: 00:00:0.000 H:M:S, 0.0 percent

** Compaction Stats [default] **
Level    Files   Size     Score Read(GB)  Rn(GB) Rnp1(GB) Write(GB) Wnew(GB) Moved(GB) W-Amp Rd(MB/s) Wr(MB/s) Comp(sec) CompMergeCPU(sec) Comp(cnt) Avg(sec) KeyIn KeyDrop
----------------------------------------------------------------------------------------------------------------------------------------------------------------------------
 Sum      0/0    0.00 KB   0.0      0.0     0.0      0.0       0.0      0.0       0.0   0.0      0.0      0.0      0.00              0.00         0    0.000       0      0
 Int      0/0    0.00 KB   0.0      0.0     0.0      0.0       0.0      0.0       0.0   0.0      0.0      0.0      0.00              0.00         0    0.000       0      0

** Compaction Stats [default] **
Priority    Files   Size     Score Read(GB)  Rn(GB) Rnp1(GB) Write(GB) Wnew(GB) Moved(GB) W-Amp Rd(MB/s) Wr(MB/s) Comp(sec) CompMergeCPU(sec) Comp(cnt) Avg(sec) KeyIn KeyDrop
-------------------------------------------------------------------------------------------------------------------------------------------------------------------------------
Uptime(secs): 3.3 total, 3.3 interval
Flush(GB): cumulative 0.000, interval 0.000
AddFile(GB): cumulative 0.000, interval 0.000
AddFile(Total Files): cumulative 0, interval 0
AddFile(L0 Files): cumulative 0, interval 0
AddFile(Keys): cumulative 0, interval 0
Cumulative compaction: 0.00 GB write, 0.00 MB/s write, 0.00 GB read, 0.00 MB/s read, 0.0 seconds
Interval compaction: 0.00 GB write, 0.00 MB/s write, 0.00 GB read, 0.00 MB/s read, 0.0 seconds
Stalls(count): 0 level0_slowdown, 0 level0_slowdown_with_compaction, 0 level0_numfiles, 0 level0_numfiles_with_compaction, 0 stop for pending_compaction_bytes, 0 slowdown for pending_compaction_bytes, 0 memtable_compaction, 0 memtable_slowdown, interval 0 total count

** File Read Latency Histogram By Level [default] **

** Compaction Stats [usertable] **
Level    Files   Size     Score Read(GB)  Rn(GB) Rnp1(GB) Write(GB) Wnew(GB) Moved(GB) W-Amp Rd(MB/s) Wr(MB/s) Comp(sec) CompMergeCPU(sec) Comp(cnt) Avg(sec) KeyIn KeyDrop
----------------------------------------------------------------------------------------------------------------------------------------------------------------------------
  L0      3/1   442.35 MB   1.0      0.0     0.0      0.0       0.2      0.2       0.0   1.0      0.0    186.7      1.06              0.00         2    0.529       0      0
  L1      2/0   489.69 MB   1.0      0.0     0.0      0.0       0.0      0.0       0.0   0.0      0.0      0.0      0.00              0.00         0    0.000       0      0
  L2     83/0    4.98 GB   1.0      0.0     0.0      0.0       0.0      0.0       0.0   0.0      0.0      0.0      0.00              0.00         0    0.000       0      0
  L3    581/0   34.48 GB   0.7      0.0     0.0      0.0       0.0      0.0       0.0   0.0      0.0      0.0      0.00              0.00         0    0.000       0      0
 Sum    669/1   40.38 GB   0.0      0.0     0.0      0.0       0.2      0.2       0.0   1.0      0.0    186.7      1.06              0.00         2    0.529       0      0
 Int      0/0    0.00 KB   0.0      0.0     0.0      0.0       0.2      0.2       0.0   1.0      0.0    186.7      1.06              0.00         2    0.529       0      0

** Compaction Stats [usertable] **
Priority    Files   Size     Score Read(GB)  Rn(GB) Rnp1(GB) Write(GB) Wnew(GB) Moved(GB) W-Amp Rd(MB/s) Wr(MB/s) Comp(sec) CompMergeCPU(sec) Comp(cnt) Avg(sec) KeyIn KeyDrop
-------------------------------------------------------------------------------------------------------------------------------------------------------------------------------
User      0/0    0.00 KB   0.0      0.0     0.0      0.0       0.2      0.2       0.0   0.0      0.0    186.7      1.06              0.00         2    0.529       0      0
Uptime(secs): 3.3 total, 3.3 interval
Flush(GB): cumulative 0.193, interval 0.193
AddFile(GB): cumulative 0.000, interval 0.000
AddFile(Total Files): cumulative 0, interval 0
AddFile(L0 Files): cumulative 0, interval 0
AddFile(Keys): cumulative 0, interval 0
Cumulative compaction: 0.19 GB write, 60.42 MB/s write, 0.00 GB read, 0.00 MB/s read, 1.1 seconds
Interval compaction: 0.19 GB write, 60.42 MB/s write, 0.00 GB read, 0.00 MB/s read, 1.1 seconds
Stalls(count): 0 level0_slowdown, 0 level0_slowdown_with_compaction, 0 level0_numfiles, 0 level0_numfiles_with_compaction, 0 stop for pending_compaction_bytes, 0 slowdown for pending_compaction_bytes, 0 memtable_compaction, 0 memtable_slowdown, interval 0 total count

** File Read Latency Histogram By Level [usertable] **

** Compaction Stats [default] **
Level    Files   Size     Score Read(GB)  Rn(GB) Rnp1(GB) Write(GB) Wnew(GB) Moved(GB) W-Amp Rd(MB/s) Wr(MB/s) Comp(sec) CompMergeCPU(sec) Comp(cnt) Avg(sec) KeyIn KeyDrop
----------------------------------------------------------------------------------------------------------------------------------------------------------------------------
 Sum      0/0    0.00 KB   0.0      0.0     0.0      0.0       0.0      0.0       0.0   0.0      0.0      0.0      0.00              0.00         0    0.000       0      0
 Int      0/0    0.00 KB   0.0      0.0     0.0      0.0       0.0      0.0       0.0   0.0      0.0      0.0      0.00              0.00         0    0.000       0      0

** Compaction Stats [default] **
Priority    Files   Size     Score Read(GB)  Rn(GB) Rnp1(GB) Write(GB) Wnew(GB) Moved(GB) W-Amp Rd(MB/s) Wr(MB/s) Comp(sec) CompMergeCPU(sec) Comp(cnt) Avg(sec) KeyIn KeyDrop
-------------------------------------------------------------------------------------------------------------------------------------------------------------------------------
Uptime(secs): 3.3 total, 0.0 interval
Flush(GB): cumulative 0.000, interval 0.000
AddFile(GB): cumulative 0.000, interval 0.000
AddFile(Total Files): cumulative 0, interval 0
AddFile(L0 Files): cumulative 0, interval 0
AddFile(Keys): cumulative 0, interval 0
Cumulative compaction: 0.00 GB write, 0.00 MB/s write, 0.00 GB read, 0.00 MB/s read, 0.0 seconds
Interval compaction: 0.00 GB write, 0.00 MB/s write, 0.00 GB read, 0.00 MB/s read, 0.0 seconds
Stalls(count): 0 level0_slowdown, 0 level0_slowdown_with_compaction, 0 level0_numfiles, 0 level0_numfiles_with_compaction, 0 stop for pending_compaction_bytes, 0 slowdown for pending_compaction_bytes, 0 memtable_compaction, 0 memtable_slowdown, interval 0 total count

** File Read Latency Histogram By Level [default] **

** Compaction Stats [usertable] **
Level    Files   Size     Score Read(GB)  Rn(GB) Rnp1(GB) Write(GB) Wnew(GB) Moved(GB) W-Amp Rd(MB/s) Wr(MB/s) Comp(sec) CompMergeCPU(sec) Comp(cnt) Avg(sec) KeyIn KeyDrop
----------------------------------------------------------------------------------------------------------------------------------------------------------------------------
  L0      3/1   442.35 MB   1.0      0.0     0.0      0.0       0.2      0.2       0.0   1.0      0.0    186.7      1.06              0.00         2    0.529       0      0
  L1      2/0   489.69 MB   1.0      0.0     0.0      0.0       0.0      0.0       0.0   0.0      0.0      0.0      0.00              0.00         0    0.000       0      0
  L2     83/0    4.98 GB   1.0      0.0     0.0      0.0       0.0      0.0       0.0   0.0      0.0      0.0      0.00              0.00         0    0.000       0      0
  L3    581/0   34.48 GB   0.7      0.0     0.0      0.0       0.0      0.0       0.0   0.0      0.0      0.0      0.00              0.00         0    0.000       0      0
 Sum    669/1   40.38 GB   0.0      0.0     0.0      0.0       0.2      0.2       0.0   1.0      0.0    186.7      1.06              0.00         2    0.529       0      0
 Int      0/0    0.00 KB   0.0      0.0     0.0      0.0       0.0      0.0       0.0   0.0      0.0      0.0      0.00              0.00         0    0.000       0      0

** Compaction Stats [usertable] **
Priority    Files   Size     Score Read(GB)  Rn(GB) Rnp1(GB) Write(GB) Wnew(GB) Moved(GB) W-Amp Rd(MB/s) Wr(MB/s) Comp(sec) CompMergeCPU(sec) Comp(cnt) Avg(sec) KeyIn KeyDrop
-------------------------------------------------------------------------------------------------------------------------------------------------------------------------------
User      0/0    0.00 KB   0.0      0.0     0.0      0.0       0.2      0.2       0.0   0.0      0.0    186.7      1.06              0.00         2    0.529       0      0
Uptime(secs): 3.3 total, 0.0 interval
Flush(GB): cumulative 0.193, interval 0.000
AddFile(GB): cumulative 0.000, interval 0.000
AddFile(Total Files): cumulative 0, interval 0
AddFile(L0 Files): cumulative 0, interval 0
AddFile(Keys): cumulative 0, interval 0
Cumulative compaction: 0.19 GB write, 60.41 MB/s write, 0.00 GB read, 0.00 MB/s read, 1.1 seconds
Interval compaction: 0.00 GB write, 0.00 MB/s write, 0.00 GB read, 0.00 MB/s read, 0.0 seconds
Stalls(count): 0 level0_slowdown, 0 level0_slowdown_with_compaction, 0 level0_numfiles, 0 level0_numfiles_with_compaction, 0 stop for pending_compaction_bytes, 0 slowdown for pending_compaction_bytes, 0 memtable_compaction, 0 memtable_slowdown, interval 0 total count

** File Read Latency Histogram By Level [usertable] **
2020/03/28-13:15:45.283248 7f55bc1200 (Original Log Time 2020/03/28-13:15:45.252632) [/db_impl_compaction_flush.cc:2536] [usertable] Moving #1236 to level-1 77463435 bytes
2020/03/28-13:15:45.283259 7f55bc1200 (Original Log Time 2020/03/28-13:15:45.282998) EVENT_LOG_v1 {"time_micros": 1585401345282978, "job": 3, "event": "trivial_move", "destination_level": 1, "files": 1, "total_files_size": 77463435}
2020/03/28-13:15:45.283264 7f55bc1200 (Original Log Time 2020/03/28-13:15:45.283030) [/db_impl_compaction_flush.cc:2565] [usertable] Moved #1 files to level-1 77463435 bytes OK: files[2 3 83 581 0 0 0] max score 1.10
2020/03/28-13:15:45.283535 7f55bc1200 [/compaction_job.cc:1645] [usertable] [JOB 4] Compacting 1@1 files to L2, score 1.10
2020/03/28-13:15:45.283576 7f55bc1200 [/compaction_job.cc:1649] [usertable] Compaction start summary: Base version 6 Base level 1, inputs: [1228(244MB)]
2020/03/28-13:15:45.283637 7f55bc1200 EVENT_LOG_v1 {"time_micros": 1585401345283603, "job": 4, "event": "compaction_started", "compaction_reason": "LevelMaxLevelSize", "files_L1": [1228], "score": 1.10071, "input_data_size": 256740314}
2020/03/28-13:15:46.525571 7f55bc1200 [/compaction_job.cc:1332] [usertable] [JOB 4] Generated table #1240: 16223 keys, 67326148 bytes
2020/03/28-13:15:46.525651 7f55bc1200 EVENT_LOG_v1 {"time_micros": 1585401346525631, "cf_name": "usertable", "job": 4, "event": "table_file_creation", "file_number": 1240, "file_size": 67326148, "table_properties": {"data_size": 67114551, "index_size": 597930, "filter_size": 0, "raw_key_size": 389352, "raw_average_key_size": 24, "raw_value_size": 66449408, "raw_average_value_size": 4096, "num_data_blocks": 16223, "num_entries": 16223, "filter_policy_name": ""}}
2020/03/28-13:15:47.627864 7f55bc1200 [/compaction_job.cc:1332] [usertable] [JOB 4] Generated table #1241: 16223 keys, 67326118 bytes
2020/03/28-13:15:47.627956 7f55bc1200 EVENT_LOG_v1 {"time_micros": 1585401347627936, "cf_name": "usertable", "job": 4, "event": "table_file_creation", "file_number": 1241, "file_size": 67326118, "table_properties": {"data_size": 67114551, "index_size": 597932, "filter_size": 0, "raw_key_size": 389352, "raw_average_key_size": 24, "raw_value_size": 66449408, "raw_average_value_size": 4096, "num_data_blocks": 16223, "num_entries": 16223, "filter_policy_name": ""}}
2020/03/28-13:15:48.842332 7f55bc1200 [/compaction_job.cc:1332] [usertable] [JOB 4] Generated table #1242: 16223 keys, 67326138 bytes
2020/03/28-13:15:48.842477 7f55bc1200 EVENT_LOG_v1 {"time_micros": 1585401348842402, "cf_name": "usertable", "job": 4, "event": "table_file_creation", "file_number": 1242, "file_size": 67326138, "table_properties": {"data_size": 67114551, "index_size": 597929, "filter_size": 0, "raw_key_size": 389352, "raw_average_key_size": 24, "raw_value_size": 66449408, "raw_average_value_size": 4096, "num_data_blocks": 16223, "num_entries": 16223, "filter_policy_name": ""}}
2020/03/28-13:15:49.741790 7f55bc1200 [/compaction_job.cc:1332] [usertable] [JOB 4] Generated table #1243: 12842 keys, 53294987 bytes
2020/03/28-13:15:49.741881 7f55bc1200 EVENT_LOG_v1 {"time_micros": 1585401349741862, "cf_name": "usertable", "job": 4, "event": "table_file_creation", "file_number": 1243, "file_size": 53294987, "table_properties": {"data_size": 53127354, "index_size": 473210, "filter_size": 0, "raw_key_size": 308208, "raw_average_key_size": 24, "raw_value_size": 52600832, "raw_average_value_size": 4096, "num_data_blocks": 12842, "num_entries": 12842, "filter_policy_name": ""}}
