2020/03/29-07:07:53.682319 7f477ff200 RocksDB version: 6.1.2
2020/03/29-07:07:53.682525 7f477ff200 Git sha rocksdb_build_git_sha:2b38e2dd6602a17a2010308580fd5d8c91dea650
2020/03/29-07:07:53.682533 7f477ff200 Compile date Mar 25 2020
2020/03/29-07:07:53.682569 7f477ff200 DB SUMMARY
2020/03/29-07:07:53.682635 7f477ff200 SST files in /mnt/sda/mbwu-rocksdb-data dir, Total Num: 0, files: 
2020/03/29-07:07:53.682641 7f477ff200 Write Ahead Log file in /mnt/sda/mbwu-rocksdb-data: 
2020/03/29-07:07:53.682647 7f477ff200                         Options.error_if_exists: 0
2020/03/29-07:07:53.682651 7f477ff200                       Options.create_if_missing: 1
2020/03/29-07:07:53.682654 7f477ff200                         Options.paranoid_checks: 1
2020/03/29-07:07:53.682656 7f477ff200                                     Options.env: 0x7f475fa768
2020/03/29-07:07:53.682659 7f477ff200                                Options.info_log: 0x7f3407d150
2020/03/29-07:07:53.682662 7f477ff200                Options.max_file_opening_threads: 16
2020/03/29-07:07:53.682665 7f477ff200                              Options.statistics: (nil)
2020/03/29-07:07:53.682668 7f477ff200                               Options.use_fsync: 0
2020/03/29-07:07:53.682670 7f477ff200                       Options.max_log_file_size: 0
2020/03/29-07:07:53.682674 7f477ff200                  Options.max_manifest_file_size: 1073741824
2020/03/29-07:07:53.682677 7f477ff200                   Options.log_file_time_to_roll: 0
2020/03/29-07:07:53.682679 7f477ff200                       Options.keep_log_file_num: 1000
2020/03/29-07:07:53.682682 7f477ff200                    Options.recycle_log_file_num: 0
2020/03/29-07:07:53.682685 7f477ff200                         Options.allow_fallocate: 1
2020/03/29-07:07:53.682687 7f477ff200                        Options.allow_mmap_reads: 0
2020/03/29-07:07:53.682690 7f477ff200                       Options.allow_mmap_writes: 0
2020/03/29-07:07:53.682693 7f477ff200                        Options.use_direct_reads: 0
2020/03/29-07:07:53.682696 7f477ff200                        Options.use_direct_io_for_flush_and_compaction: 0
2020/03/29-07:07:53.682699 7f477ff200          Options.create_missing_column_families: 1
2020/03/29-07:07:53.682702 7f477ff200                              Options.db_log_dir: 
2020/03/29-07:07:53.682704 7f477ff200                                 Options.wal_dir: /mnt/sda/mbwu-rocksdb-data
2020/03/29-07:07:53.682707 7f477ff200                Options.table_cache_numshardbits: 6
2020/03/29-07:07:53.682710 7f477ff200                      Options.max_subcompactions: 1
2020/03/29-07:07:53.682713 7f477ff200                  Options.max_background_flushes: 6
2020/03/29-07:07:53.682715 7f477ff200                         Options.WAL_ttl_seconds: 0
2020/03/29-07:07:53.682718 7f477ff200                       Options.WAL_size_limit_MB: 0
2020/03/29-07:07:53.682721 7f477ff200             Options.manifest_preallocation_size: 4194304
2020/03/29-07:07:53.682724 7f477ff200                     Options.is_fd_close_on_exec: 1
2020/03/29-07:07:53.682726 7f477ff200                   Options.advise_random_on_open: 1
2020/03/29-07:07:53.682729 7f477ff200                    Options.db_write_buffer_size: 0
2020/03/29-07:07:53.682732 7f477ff200                    Options.write_buffer_manager: 0x7f34073ce0
2020/03/29-07:07:53.682735 7f477ff200         Options.access_hint_on_compaction_start: 1
2020/03/29-07:07:53.682737 7f477ff200  Options.new_table_reader_for_compaction_inputs: 0
2020/03/29-07:07:53.682740 7f477ff200           Options.random_access_max_buffer_size: 1048576
2020/03/29-07:07:53.682743 7f477ff200                      Options.use_adaptive_mutex: 0
2020/03/29-07:07:53.682745 7f477ff200                            Options.rate_limiter: (nil)
2020/03/29-07:07:53.682751 7f477ff200     Options.sst_file_manager.rate_bytes_per_sec: 0
2020/03/29-07:07:53.682753 7f477ff200                       Options.wal_recovery_mode: 2
2020/03/29-07:07:53.682756 7f477ff200                  Options.enable_thread_tracking: 0
2020/03/29-07:07:53.682759 7f477ff200                  Options.enable_pipelined_write: 0
2020/03/29-07:07:53.682761 7f477ff200         Options.allow_concurrent_memtable_write: 1
2020/03/29-07:07:53.682779 7f477ff200      Options.enable_write_thread_adaptive_yield: 1
2020/03/29-07:07:53.682783 7f477ff200             Options.write_thread_max_yield_usec: 100
2020/03/29-07:07:53.682786 7f477ff200            Options.write_thread_slow_yield_usec: 3
2020/03/29-07:07:53.682789 7f477ff200                               Options.row_cache: None
2020/03/29-07:07:53.682792 7f477ff200                              Options.wal_filter: None
2020/03/29-07:07:53.682794 7f477ff200             Options.avoid_flush_during_recovery: 0
2020/03/29-07:07:53.682797 7f477ff200             Options.allow_ingest_behind: 0
2020/03/29-07:07:53.682800 7f477ff200             Options.preserve_deletes: 0
2020/03/29-07:07:53.682803 7f477ff200             Options.two_write_queues: 0
2020/03/29-07:07:53.682805 7f477ff200             Options.manual_wal_flush: 0
2020/03/29-07:07:53.682808 7f477ff200             Options.atomic_flush: 0
2020/03/29-07:07:53.682810 7f477ff200             Options.avoid_unnecessary_blocking_io: 0
2020/03/29-07:07:53.682815 7f477ff200             Options.max_background_jobs: 6
2020/03/29-07:07:53.682818 7f477ff200             Options.max_background_compactions: 6
2020/03/29-07:07:53.682821 7f477ff200             Options.avoid_flush_during_shutdown: 0
2020/03/29-07:07:53.682823 7f477ff200           Options.writable_file_max_buffer_size: 1048576
2020/03/29-07:07:53.682826 7f477ff200             Options.delayed_write_rate : 16777216
2020/03/29-07:07:53.682829 7f477ff200             Options.max_total_wal_size: 0
2020/03/29-07:07:53.682832 7f477ff200             Options.delete_obsolete_files_period_micros: 21600000000
2020/03/29-07:07:53.682834 7f477ff200                   Options.stats_dump_period_sec: 600
2020/03/29-07:07:53.682837 7f477ff200                 Options.stats_persist_period_sec: 600
2020/03/29-07:07:53.682840 7f477ff200                 Options.stats_history_buffer_size: 1048576
2020/03/29-07:07:53.682842 7f477ff200                          Options.max_open_files: -1
2020/03/29-07:07:53.682845 7f477ff200                          Options.bytes_per_sync: 1048576
2020/03/29-07:07:53.682848 7f477ff200                      Options.wal_bytes_per_sync: 0
2020/03/29-07:07:53.682851 7f477ff200       Options.compaction_readahead_size: 0
2020/03/29-07:07:53.682853 7f477ff200 Compression algorithms supported:
2020/03/29-07:07:53.682857 7f477ff200 	kZSTDNotFinalCompression supported: 1
2020/03/29-07:07:53.682889 7f477ff200 	kZSTD supported: 1
2020/03/29-07:07:53.682894 7f477ff200 	kXpressCompression supported: 0
2020/03/29-07:07:53.682896 7f477ff200 	kLZ4HCCompression supported: 1
2020/03/29-07:07:53.682899 7f477ff200 	kLZ4Compression supported: 1
2020/03/29-07:07:53.682902 7f477ff200 	kBZip2Compression supported: 1
2020/03/29-07:07:53.682905 7f477ff200 	kZlibCompression supported: 1
2020/03/29-07:07:53.682908 7f477ff200 	kSnappyCompression supported: 1
2020/03/29-07:07:53.682915 7f477ff200 Fast CRC32 supported: Not supported on x86
2020/03/29-07:07:53.683104 7f477ff200 [/db_impl_open.cc:228] Creating manifest 1 
2020/03/29-07:07:53.782791 7f477ff200 [/version_set.cc:3543] Recovering from manifest file: /mnt/sda/mbwu-rocksdb-data/MANIFEST-000001
2020/03/29-07:07:53.783019 7f477ff200 [/column_family.cc:477] --------------- Options for column family [default]:
2020/03/29-07:07:53.783028 7f477ff200               Options.comparator: leveldb.BytewiseComparator
2020/03/29-07:07:53.783032 7f477ff200           Options.merge_operator: None
2020/03/29-07:07:53.783035 7f477ff200        Options.compaction_filter: None
2020/03/29-07:07:53.783038 7f477ff200        Options.compaction_filter_factory: None
2020/03/29-07:07:53.783041 7f477ff200         Options.memtable_factory: SkipListFactory
2020/03/29-07:07:53.783044 7f477ff200            Options.table_factory: BlockBasedTable
2020/03/29-07:07:53.783098 7f477ff200            table_factory options:   flush_block_policy_factory: FlushBlockBySizePolicyFactory (0x7f3406e920)
  cache_index_and_filter_blocks: 0
  cache_index_and_filter_blocks_with_high_priority: 0
  pin_l0_filter_and_index_blocks_in_cache: 0
  pin_top_level_index_and_filter: 1
  index_type: 0
  data_block_index_type: 0
  data_block_hash_table_util_ratio: 0.750000
  hash_index_allow_collision: 1
  checksum: 1
  no_block_cache: 0
  block_cache: 0x7f3406ea30
  block_cache_name: LRUCache
  block_cache_options:
    capacity : 8388608
    num_shard_bits : 4
    strict_capacity_limit : 0
    memory_allocator : None
    high_pri_pool_ratio: 0.000
  block_cache_compressed: (nil)
  persistent_cache: (nil)
  block_size: 4096
  block_size_deviation: 10
  block_restart_interval: 16
  index_block_restart_interval: 1
  metadata_block_size: 4096
  partition_filters: 0
  use_delta_encoding: 1
  filter_policy: nullptr
  whole_key_filtering: 1
  verify_compression: 0
  read_amp_bytes_per_bit: 0
  format_version: 2
  enable_index_compression: 1
  block_align: 0
2020/03/29-07:07:53.783143 7f477ff200        Options.write_buffer_size: 134217728
2020/03/29-07:07:53.783148 7f477ff200  Options.max_write_buffer_number: 6
2020/03/29-07:07:53.783152 7f477ff200        Options.compression[0]: NoCompression
2020/03/29-07:07:53.783155 7f477ff200        Options.compression[1]: NoCompression
2020/03/29-07:07:53.783158 7f477ff200        Options.compression[2]: Snappy
2020/03/29-07:07:53.783160 7f477ff200        Options.compression[3]: Snappy
2020/03/29-07:07:53.783163 7f477ff200        Options.compression[4]: Snappy
2020/03/29-07:07:53.783166 7f477ff200        Options.compression[5]: Snappy
2020/03/29-07:07:53.783168 7f477ff200        Options.compression[6]: Snappy
2020/03/29-07:07:53.783171 7f477ff200                  Options.bottommost_compression: Disabled
2020/03/29-07:07:53.783174 7f477ff200       Options.prefix_extractor: nullptr
2020/03/29-07:07:53.783177 7f477ff200   Options.memtable_insert_with_hint_prefix_extractor: nullptr
2020/03/29-07:07:53.783180 7f477ff200             Options.num_levels: 7
2020/03/29-07:07:53.783183 7f477ff200        Options.min_write_buffer_number_to_merge: 2
2020/03/29-07:07:53.783185 7f477ff200     Options.max_write_buffer_number_to_maintain: 0
2020/03/29-07:07:53.783188 7f477ff200            Options.bottommost_compression_opts.window_bits: -14
2020/03/29-07:07:53.783191 7f477ff200                  Options.bottommost_compression_opts.level: 32767
2020/03/29-07:07:53.783194 7f477ff200               Options.bottommost_compression_opts.strategy: 0
2020/03/29-07:07:53.783197 7f477ff200         Options.bottommost_compression_opts.max_dict_bytes: 0
2020/03/29-07:07:53.783199 7f477ff200         Options.bottommost_compression_opts.zstd_max_train_bytes: 0
2020/03/29-07:07:53.783202 7f477ff200                  Options.bottommost_compression_opts.enabled: false
2020/03/29-07:07:53.783205 7f477ff200            Options.compression_opts.window_bits: -14
2020/03/29-07:07:53.783208 7f477ff200                  Options.compression_opts.level: 32767
2020/03/29-07:07:53.783210 7f477ff200               Options.compression_opts.strategy: 0
2020/03/29-07:07:53.783213 7f477ff200         Options.compression_opts.max_dict_bytes: 0
2020/03/29-07:07:53.783216 7f477ff200         Options.compression_opts.zstd_max_train_bytes: 0
2020/03/29-07:07:53.783218 7f477ff200                  Options.compression_opts.enabled: false
2020/03/29-07:07:53.783221 7f477ff200      Options.level0_file_num_compaction_trigger: 2
2020/03/29-07:07:53.783223 7f477ff200          Options.level0_slowdown_writes_trigger: 20
2020/03/29-07:07:53.783226 7f477ff200              Options.level0_stop_writes_trigger: 36
2020/03/29-07:07:53.783229 7f477ff200                   Options.target_file_size_base: 67108864
2020/03/29-07:07:53.783231 7f477ff200             Options.target_file_size_multiplier: 1
2020/03/29-07:07:53.783234 7f477ff200                Options.max_bytes_for_level_base: 536870912
2020/03/29-07:07:53.783237 7f477ff200 Options.level_compaction_dynamic_level_bytes: 0
2020/03/29-07:07:53.783239 7f477ff200          Options.max_bytes_for_level_multiplier: 10.000000
2020/03/29-07:07:53.783244 7f477ff200 Options.max_bytes_for_level_multiplier_addtl[0]: 1
2020/03/29-07:07:53.783267 7f477ff200 Options.max_bytes_for_level_multiplier_addtl[1]: 1
2020/03/29-07:07:53.783272 7f477ff200 Options.max_bytes_for_level_multiplier_addtl[2]: 1
2020/03/29-07:07:53.783274 7f477ff200 Options.max_bytes_for_level_multiplier_addtl[3]: 1
2020/03/29-07:07:53.783277 7f477ff200 Options.max_bytes_for_level_multiplier_addtl[4]: 1
2020/03/29-07:07:53.783280 7f477ff200 Options.max_bytes_for_level_multiplier_addtl[5]: 1
2020/03/29-07:07:53.783282 7f477ff200 Options.max_bytes_for_level_multiplier_addtl[6]: 1
2020/03/29-07:07:53.783285 7f477ff200       Options.max_sequential_skip_in_iterations: 8
2020/03/29-07:07:53.783288 7f477ff200                    Options.max_compaction_bytes: 1677721600
2020/03/29-07:07:53.783290 7f477ff200                        Options.arena_block_size: 16777216
2020/03/29-07:07:53.783293 7f477ff200   Options.soft_pending_compaction_bytes_limit: 68719476736
2020/03/29-07:07:53.783296 7f477ff200   Options.hard_pending_compaction_bytes_limit: 274877906944
2020/03/29-07:07:53.783299 7f477ff200       Options.rate_limit_delay_max_milliseconds: 100
2020/03/29-07:07:53.783302 7f477ff200                Options.disable_auto_compactions: 0
2020/03/29-07:07:53.783306 7f477ff200                        Options.compaction_style: kCompactionStyleLevel
2020/03/29-07:07:53.783310 7f477ff200                          Options.compaction_pri: kMinOverlappingRatio
2020/03/29-07:07:53.783313 7f477ff200 Options.compaction_options_universal.size_ratio: 1
2020/03/29-07:07:53.783316 7f477ff200 Options.compaction_options_universal.min_merge_width: 2
2020/03/29-07:07:53.783319 7f477ff200 Options.compaction_options_universal.max_merge_width: 4294967295
2020/03/29-07:07:53.783321 7f477ff200 Options.compaction_options_universal.max_size_amplification_percent: 200
2020/03/29-07:07:53.783324 7f477ff200 Options.compaction_options_universal.compression_size_percent: -1
2020/03/29-07:07:53.783328 7f477ff200 Options.compaction_options_universal.stop_style: kCompactionStopStyleTotalSize
2020/03/29-07:07:53.783330 7f477ff200 Options.compaction_options_fifo.max_table_files_size: 1073741824
2020/03/29-07:07:53.783333 7f477ff200 Options.compaction_options_fifo.allow_compaction: 0
2020/03/29-07:07:53.783336 7f477ff200                   Options.table_properties_collectors: 
2020/03/29-07:07:53.783339 7f477ff200                   Options.inplace_update_support: 0
2020/03/29-07:07:53.783342 7f477ff200                 Options.inplace_update_num_locks: 10000
2020/03/29-07:07:53.783344 7f477ff200               Options.memtable_prefix_bloom_size_ratio: 0.000000
2020/03/29-07:07:53.783348 7f477ff200               Options.memtable_whole_key_filtering: 0
2020/03/29-07:07:53.783350 7f477ff200   Options.memtable_huge_page_size: 0
2020/03/29-07:07:53.783353 7f477ff200                           Options.bloom_locality: 0
2020/03/29-07:07:53.783355 7f477ff200                    Options.max_successive_merges: 0
2020/03/29-07:07:53.783358 7f477ff200                Options.optimize_filters_for_hits: 0
2020/03/29-07:07:53.783361 7f477ff200                Options.paranoid_file_checks: 0
2020/03/29-07:07:53.783363 7f477ff200                Options.force_consistency_checks: 0
2020/03/29-07:07:53.783366 7f477ff200                Options.report_bg_io_stats: 0
2020/03/29-07:07:53.783369 7f477ff200                               Options.ttl: 0
2020/03/29-07:07:53.785363 7f477ff200 [/version_set.cc:3757] Recovered from manifest file:/mnt/sda/mbwu-rocksdb-data/MANIFEST-000001 succeeded,manifest_file_number is 1, next_file_number is 3, last_sequence is 0, log_number is 0,prev_log_number is 0,max_column_family is 0,min_log_number_to_keep is 0
2020/03/29-07:07:53.785408 7f477ff200 [/version_set.cc:3766] Column family [default] (ID 0), log number is 0
2020/03/29-07:07:53.786208 7f477ff200 [/version_set.cc:3036] Creating manifest 4
2020/03/29-07:07:53.858906 7f477ff200 [/column_family.cc:477] --------------- Options for column family [usertable]:
2020/03/29-07:07:53.858948 7f477ff200               Options.comparator: leveldb.BytewiseComparator
2020/03/29-07:07:53.858955 7f477ff200           Options.merge_operator: None
2020/03/29-07:07:53.858961 7f477ff200        Options.compaction_filter: None
2020/03/29-07:07:53.858967 7f477ff200        Options.compaction_filter_factory: None
2020/03/29-07:07:53.858973 7f477ff200         Options.memtable_factory: SkipListFactory
2020/03/29-07:07:53.858980 7f477ff200            Options.table_factory: BlockBasedTable
2020/03/29-07:07:53.859076 7f477ff200            table_factory options:   flush_block_policy_factory: FlushBlockBySizePolicyFactory (0x7f34065ec0)
  cache_index_and_filter_blocks: 0
  cache_index_and_filter_blocks_with_high_priority: 0
  pin_l0_filter_and_index_blocks_in_cache: 0
  pin_top_level_index_and_filter: 1
  index_type: 0
  data_block_index_type: 0
  data_block_hash_table_util_ratio: 0.750000
  hash_index_allow_collision: 1
  checksum: 1
  no_block_cache: 0
  block_cache: 0x7f34067220
  block_cache_name: LRUCache
  block_cache_options:
    capacity : 8388608
    num_shard_bits : 4
    strict_capacity_limit : 0
    memory_allocator : None
    high_pri_pool_ratio: 0.000
  block_cache_compressed: (nil)
  persistent_cache: (nil)
  block_size: 4096
  block_size_deviation: 10
  block_restart_interval: 16
  index_block_restart_interval: 1
  metadata_block_size: 4096
  partition_filters: 0
  use_delta_encoding: 1
  filter_policy: nullptr
  whole_key_filtering: 1
  verify_compression: 0
  read_amp_bytes_per_bit: 0
  format_version: 2
  enable_index_compression: 1
  block_align: 0
2020/03/29-07:07:53.859085 7f477ff200        Options.write_buffer_size: 134217728
2020/03/29-07:07:53.859091 7f477ff200  Options.max_write_buffer_number: 6
2020/03/29-07:07:53.859098 7f477ff200        Options.compression[0]: NoCompression
2020/03/29-07:07:53.859104 7f477ff200        Options.compression[1]: NoCompression
2020/03/29-07:07:53.859110 7f477ff200        Options.compression[2]: Snappy
2020/03/29-07:07:53.859116 7f477ff200        Options.compression[3]: Snappy
2020/03/29-07:07:53.859122 7f477ff200        Options.compression[4]: Snappy
2020/03/29-07:07:53.859128 7f477ff200        Options.compression[5]: Snappy
2020/03/29-07:07:53.859134 7f477ff200        Options.compression[6]: Snappy
2020/03/29-07:07:53.859140 7f477ff200                  Options.bottommost_compression: Disabled
2020/03/29-07:07:53.859146 7f477ff200       Options.prefix_extractor: nullptr
2020/03/29-07:07:53.859152 7f477ff200   Options.memtable_insert_with_hint_prefix_extractor: nullptr
2020/03/29-07:07:53.859158 7f477ff200             Options.num_levels: 7
2020/03/29-07:07:53.859164 7f477ff200        Options.min_write_buffer_number_to_merge: 2
2020/03/29-07:07:53.859169 7f477ff200     Options.max_write_buffer_number_to_maintain: 0
2020/03/29-07:07:53.859175 7f477ff200            Options.bottommost_compression_opts.window_bits: -14
2020/03/29-07:07:53.859181 7f477ff200                  Options.bottommost_compression_opts.level: 32767
2020/03/29-07:07:53.859187 7f477ff200               Options.bottommost_compression_opts.strategy: 0
2020/03/29-07:07:53.859192 7f477ff200         Options.bottommost_compression_opts.max_dict_bytes: 0
2020/03/29-07:07:53.859199 7f477ff200         Options.bottommost_compression_opts.zstd_max_train_bytes: 0
2020/03/29-07:07:53.859204 7f477ff200                  Options.bottommost_compression_opts.enabled: false
2020/03/29-07:07:53.859210 7f477ff200            Options.compression_opts.window_bits: -14
2020/03/29-07:07:53.859216 7f477ff200                  Options.compression_opts.level: 32767
2020/03/29-07:07:53.859222 7f477ff200               Options.compression_opts.strategy: 0
2020/03/29-07:07:53.859228 7f477ff200         Options.compression_opts.max_dict_bytes: 0
2020/03/29-07:07:53.859233 7f477ff200         Options.compression_opts.zstd_max_train_bytes: 0
2020/03/29-07:07:53.859239 7f477ff200                  Options.compression_opts.enabled: false
2020/03/29-07:07:53.859290 7f477ff200      Options.level0_file_num_compaction_trigger: 2
2020/03/29-07:07:53.859298 7f477ff200          Options.level0_slowdown_writes_trigger: 20
2020/03/29-07:07:53.859305 7f477ff200              Options.level0_stop_writes_trigger: 36
2020/03/29-07:07:53.859311 7f477ff200                   Options.target_file_size_base: 67108864
2020/03/29-07:07:53.859317 7f477ff200             Options.target_file_size_multiplier: 1
2020/03/29-07:07:53.859323 7f477ff200                Options.max_bytes_for_level_base: 536870912
2020/03/29-07:07:53.859328 7f477ff200 Options.level_compaction_dynamic_level_bytes: 0
2020/03/29-07:07:53.859334 7f477ff200          Options.max_bytes_for_level_multiplier: 10.000000
2020/03/29-07:07:53.859345 7f477ff200 Options.max_bytes_for_level_multiplier_addtl[0]: 1
2020/03/29-07:07:53.859352 7f477ff200 Options.max_bytes_for_level_multiplier_addtl[1]: 1
2020/03/29-07:07:53.859358 7f477ff200 Options.max_bytes_for_level_multiplier_addtl[2]: 1
2020/03/29-07:07:53.859364 7f477ff200 Options.max_bytes_for_level_multiplier_addtl[3]: 1
2020/03/29-07:07:53.859370 7f477ff200 Options.max_bytes_for_level_multiplier_addtl[4]: 1
2020/03/29-07:07:53.859375 7f477ff200 Options.max_bytes_for_level_multiplier_addtl[5]: 1
2020/03/29-07:07:53.859381 7f477ff200 Options.max_bytes_for_level_multiplier_addtl[6]: 1
2020/03/29-07:07:53.859387 7f477ff200       Options.max_sequential_skip_in_iterations: 8
2020/03/29-07:07:53.859393 7f477ff200                    Options.max_compaction_bytes: 1677721600
2020/03/29-07:07:53.859399 7f477ff200                        Options.arena_block_size: 16777216
2020/03/29-07:07:53.859405 7f477ff200   Options.soft_pending_compaction_bytes_limit: 68719476736
2020/03/29-07:07:53.859410 7f477ff200   Options.hard_pending_compaction_bytes_limit: 274877906944
2020/03/29-07:07:53.859416 7f477ff200       Options.rate_limit_delay_max_milliseconds: 100
2020/03/29-07:07:53.859422 7f477ff200                Options.disable_auto_compactions: 0
2020/03/29-07:07:53.859431 7f477ff200                        Options.compaction_style: kCompactionStyleLevel
2020/03/29-07:07:53.859439 7f477ff200                          Options.compaction_pri: kMinOverlappingRatio
2020/03/29-07:07:53.859445 7f477ff200 Options.compaction_options_universal.size_ratio: 1
2020/03/29-07:07:53.859451 7f477ff200 Options.compaction_options_universal.min_merge_width: 2
2020/03/29-07:07:53.859456 7f477ff200 Options.compaction_options_universal.max_merge_width: 4294967295
2020/03/29-07:07:53.859463 7f477ff200 Options.compaction_options_universal.max_size_amplification_percent: 200
2020/03/29-07:07:53.859468 7f477ff200 Options.compaction_options_universal.compression_size_percent: -1
2020/03/29-07:07:53.859475 7f477ff200 Options.compaction_options_universal.stop_style: kCompactionStopStyleTotalSize
2020/03/29-07:07:53.859482 7f477ff200 Options.compaction_options_fifo.max_table_files_size: 1073741824
2020/03/29-07:07:53.859487 7f477ff200 Options.compaction_options_fifo.allow_compaction: 0
2020/03/29-07:07:53.859493 7f477ff200                   Options.table_properties_collectors: 
2020/03/29-07:07:53.859499 7f477ff200                   Options.inplace_update_support: 0
2020/03/29-07:07:53.859505 7f477ff200                 Options.inplace_update_num_locks: 10000
2020/03/29-07:07:53.859511 7f477ff200               Options.memtable_prefix_bloom_size_ratio: 0.000000
2020/03/29-07:07:53.859518 7f477ff200               Options.memtable_whole_key_filtering: 0
2020/03/29-07:07:53.859524 7f477ff200   Options.memtable_huge_page_size: 0
2020/03/29-07:07:53.859529 7f477ff200                           Options.bloom_locality: 0
2020/03/29-07:07:53.859535 7f477ff200                    Options.max_successive_merges: 0
2020/03/29-07:07:53.859541 7f477ff200                Options.optimize_filters_for_hits: 0
2020/03/29-07:07:53.859547 7f477ff200                Options.paranoid_file_checks: 0
2020/03/29-07:07:53.859552 7f477ff200                Options.force_consistency_checks: 0
2020/03/29-07:07:53.859558 7f477ff200                Options.report_bg_io_stats: 0
2020/03/29-07:07:53.859583 7f477ff200                               Options.ttl: 0
2020/03/29-07:07:53.859808 7f477ff200 [/db_impl.cc:1806] Created column family [usertable] (ID 1)
2020/03/29-07:07:53.950879 7f477ff200 DB pointer 0x7f340745b0
2020/03/29-07:07:53.954915 7eecfff200 [/db_impl.cc:777] ------- DUMPING STATS -------
2020/03/29-07:07:53.955113 7eecfff200 [/db_impl.cc:778] 
** DB Stats **
Uptime(secs): 0.2 total, 0.2 interval
Cumulative writes: 0 writes, 0 keys, 0 commit groups, 0.0 writes per commit group, ingest: 0.00 GB, 0.00 MB/s
Cumulative WAL: 0 writes, 0 syncs, 0.00 writes per sync, written: 0.00 GB, 0.00 MB/s
Cumulative stall: 00:00:0.000 H:M:S, 0.0 percent
Interval writes: 0 writes, 0 keys, 0 commit groups, 0.0 writes per commit group, ingest: 0.00 MB, 0.00 MB/s
Interval WAL: 0 writes, 0 syncs, 0.00 writes per sync, written: 0.00 MB, 0.00 MB/s
Interval stall: 00:00:0.000 H:M:S, 0.0 percent

** Compaction Stats [default] **
Level    Files   Size     Score Read(GB)  Rn(GB) Rnp1(GB) Write(GB) Wnew(GB) Moved(GB) W-Amp Rd(MB/s) Wr(MB/s) Comp(sec) CompMergeCPU(sec) Comp(cnt) Avg(sec) KeyIn KeyDrop
----------------------------------------------------------------------------------------------------------------------------------------------------------------------------
 Sum      0/0    0.00 KB   0.0      0.0     0.0      0.0       0.0      0.0       0.0   0.0      0.0      0.0      0.00              0.00         0    0.000       0      0
 Int      0/0    0.00 KB   0.0      0.0     0.0      0.0       0.0      0.0       0.0   0.0      0.0      0.0      0.00              0.00         0    0.000       0      0

** Compaction Stats [default] **
Priority    Files   Size     Score Read(GB)  Rn(GB) Rnp1(GB) Write(GB) Wnew(GB) Moved(GB) W-Amp Rd(MB/s) Wr(MB/s) Comp(sec) CompMergeCPU(sec) Comp(cnt) Avg(sec) KeyIn KeyDrop
-------------------------------------------------------------------------------------------------------------------------------------------------------------------------------
Uptime(secs): 0.2 total, 0.2 interval
Flush(GB): cumulative 0.000, interval 0.000
AddFile(GB): cumulative 0.000, interval 0.000
AddFile(Total Files): cumulative 0, interval 0
AddFile(L0 Files): cumulative 0, interval 0
AddFile(Keys): cumulative 0, interval 0
Cumulative compaction: 0.00 GB write, 0.00 MB/s write, 0.00 GB read, 0.00 MB/s read, 0.0 seconds
Interval compaction: 0.00 GB write, 0.00 MB/s write, 0.00 GB read, 0.00 MB/s read, 0.0 seconds
Stalls(count): 0 level0_slowdown, 0 level0_slowdown_with_compaction, 0 level0_numfiles, 0 level0_numfiles_with_compaction, 0 stop for pending_compaction_bytes, 0 slowdown for pending_compaction_bytes, 0 memtable_compaction, 0 memtable_slowdown, interval 0 total count

** File Read Latency Histogram By Level [default] **

** Compaction Stats [usertable] **
Level    Files   Size     Score Read(GB)  Rn(GB) Rnp1(GB) Write(GB) Wnew(GB) Moved(GB) W-Amp Rd(MB/s) Wr(MB/s) Comp(sec) CompMergeCPU(sec) Comp(cnt) Avg(sec) KeyIn KeyDrop
----------------------------------------------------------------------------------------------------------------------------------------------------------------------------
 Sum      0/0    0.00 KB   0.0      0.0     0.0      0.0       0.0      0.0       0.0   0.0      0.0      0.0      0.00              0.00         0    0.000       0      0
 Int      0/0    0.00 KB   0.0      0.0     0.0      0.0       0.0      0.0       0.0   0.0      0.0      0.0      0.00              0.00         0    0.000       0      0

** Compaction Stats [usertable] **
Priority    Files   Size     Score Read(GB)  Rn(GB) Rnp1(GB) Write(GB) Wnew(GB) Moved(GB) W-Amp Rd(MB/s) Wr(MB/s) Comp(sec) CompMergeCPU(sec) Comp(cnt) Avg(sec) KeyIn KeyDrop
-------------------------------------------------------------------------------------------------------------------------------------------------------------------------------
Uptime(secs): 0.1 total, 0.1 interval
Flush(GB): cumulative 0.000, interval 0.000
AddFile(GB): cumulative 0.000, interval 0.000
AddFile(Total Files): cumulative 0, interval 0
AddFile(L0 Files): cumulative 0, interval 0
AddFile(Keys): cumulative 0, interval 0
Cumulative compaction: 0.00 GB write, 0.00 MB/s write, 0.00 GB read, 0.00 MB/s read, 0.0 seconds
Interval compaction: 0.00 GB write, 0.00 MB/s write, 0.00 GB read, 0.00 MB/s read, 0.0 seconds
Stalls(count): 0 level0_slowdown, 0 level0_slowdown_with_compaction, 0 level0_numfiles, 0 level0_numfiles_with_compaction, 0 stop for pending_compaction_bytes, 0 slowdown for pending_compaction_bytes, 0 memtable_compaction, 0 memtable_slowdown, interval 0 total count

** File Read Latency Histogram By Level [usertable] **

** Compaction Stats [default] **
Level    Files   Size     Score Read(GB)  Rn(GB) Rnp1(GB) Write(GB) Wnew(GB) Moved(GB) W-Amp Rd(MB/s) Wr(MB/s) Comp(sec) CompMergeCPU(sec) Comp(cnt) Avg(sec) KeyIn KeyDrop
----------------------------------------------------------------------------------------------------------------------------------------------------------------------------
 Sum      0/0    0.00 KB   0.0      0.0     0.0      0.0       0.0      0.0       0.0   0.0      0.0      0.0      0.00              0.00         0    0.000       0      0
 Int      0/0    0.00 KB   0.0      0.0     0.0      0.0       0.0      0.0       0.0   0.0      0.0      0.0      0.00              0.00         0    0.000       0      0

** Compaction Stats [default] **
Priority    Files   Size     Score Read(GB)  Rn(GB) Rnp1(GB) Write(GB) Wnew(GB) Moved(GB) W-Amp Rd(MB/s) Wr(MB/s) Comp(sec) CompMergeCPU(sec) Comp(cnt) Avg(sec) KeyIn KeyDrop
-------------------------------------------------------------------------------------------------------------------------------------------------------------------------------
Uptime(secs): 0.2 total, 0.0 interval
Flush(GB): cumulative 0.000, interval 0.000
AddFile(GB): cumulative 0.000, interval 0.000
AddFile(Total Files): cumulative 0, interval 0
AddFile(L0 Files): cumulative 0, interval 0
AddFile(Keys): cumulative 0, interval 0
Cumulative compaction: 0.00 GB write, 0.00 MB/s write, 0.00 GB read, 0.00 MB/s read, 0.0 seconds
Interval compaction: 0.00 GB write, 0.00 MB/s write, 0.00 GB read, 0.00 MB/s read, 0.0 seconds
Stalls(count): 0 level0_slowdown, 0 level0_slowdown_with_compaction, 0 level0_numfiles, 0 level0_numfiles_with_compaction, 0 stop for pending_compaction_bytes, 0 slowdown for pending_compaction_bytes, 0 memtable_compaction, 0 memtable_slowdown, interval 0 total count

** File Read Latency Histogram By Level [default] **

** Compaction Stats [usertable] **
Level    Files   Size     Score Read(GB)  Rn(GB) Rnp1(GB) Write(GB) Wnew(GB) Moved(GB) W-Amp Rd(MB/s) Wr(MB/s) Comp(sec) CompMergeCPU(sec) Comp(cnt) Avg(sec) KeyIn KeyDrop
----------------------------------------------------------------------------------------------------------------------------------------------------------------------------
 Sum      0/0    0.00 KB   0.0      0.0     0.0      0.0       0.0      0.0       0.0   0.0      0.0      0.0      0.00              0.00         0    0.000       0      0
 Int      0/0    0.00 KB   0.0      0.0     0.0      0.0       0.0      0.0       0.0   0.0      0.0      0.0      0.00              0.00         0    0.000       0      0

** Compaction Stats [usertable] **
Priority    Files   Size     Score Read(GB)  Rn(GB) Rnp1(GB) Write(GB) Wnew(GB) Moved(GB) W-Amp Rd(MB/s) Wr(MB/s) Comp(sec) CompMergeCPU(sec) Comp(cnt) Avg(sec) KeyIn KeyDrop
-------------------------------------------------------------------------------------------------------------------------------------------------------------------------------
Uptime(secs): 0.1 total, 0.0 interval
Flush(GB): cumulative 0.000, interval 0.000
AddFile(GB): cumulative 0.000, interval 0.000
AddFile(Total Files): cumulative 0, interval 0
AddFile(L0 Files): cumulative 0, interval 0
AddFile(Keys): cumulative 0, interval 0
Cumulative compaction: 0.00 GB write, 0.00 MB/s write, 0.00 GB read, 0.00 MB/s read, 0.0 seconds
Interval compaction: 0.00 GB write, 0.00 MB/s write, 0.00 GB read, 0.00 MB/s read, 0.0 seconds
Stalls(count): 0 level0_slowdown, 0 level0_slowdown_with_compaction, 0 level0_numfiles, 0 level0_numfiles_with_compaction, 0 stop for pending_compaction_bytes, 0 slowdown for pending_compaction_bytes, 0 memtable_compaction, 0 memtable_slowdown, interval 0 total count

** File Read Latency Histogram By Level [usertable] **
2020/03/29-07:08:12.663046 7f443c1200 [/db_impl_write.cc:1470] [usertable] New memtable created with log file: #9. Immutable memtables: 0.
2020/03/29-07:08:27.998912 7f477ff200 [/db_impl_write.cc:1470] [usertable] New memtable created with log file: #10. Immutable memtables: 1.
2020/03/29-07:08:27.999316 7f267ff200 [/db_impl_compaction_flush.cc:108] [JOB 8] Syncing log #3
2020/03/29-07:08:28.403901 7f267ff200 [/db_impl_compaction_flush.cc:108] [JOB 8] Syncing log #9
2020/03/29-07:08:28.931510 7f267ff200 (Original Log Time 2020/03/29-07:08:27.999165) [/db_impl_compaction_flush.cc:2073] Calling FlushMemTableToOutputFile with column family [usertable], flush slots available 6, compaction slots available 1, flush slots scheduled 6, compaction slots scheduled 0
2020/03/29-07:08:28.931551 7f267ff200 [/flush_job.cc:322] [usertable] [JOB 8] Flushing memtable with next log file: 9
2020/03/29-07:08:28.931589 7f267ff200 [/flush_job.cc:322] [usertable] [JOB 8] Flushing memtable with next log file: 10
2020/03/29-07:08:28.931712 7f267ff200 EVENT_LOG_v1 {"time_micros": 1585465708931663, "job": 8, "event": "flush_started", "num_memtables": 2, "num_entries": 61518, "num_deletes": 0, "total_data_size": 253638714, "memory_usage": 260145552, "flush_reason": "Write Buffer Full"}
2020/03/29-07:08:28.931733 7f267ff200 [/flush_job.cc:351] [usertable] [JOB 8] Level-0 flush table #11: started
2020/03/29-07:08:30.283153 7f267ff200 EVENT_LOG_v1 {"time_micros": 1585465710283127, "cf_name": "usertable", "job": 8, "event": "table_file_creation", "file_number": 11, "file_size": 256769533, "table_properties": {"data_size": 254499966, "index_size": 2268815, "filter_size": 0, "raw_key_size": 1476432, "raw_average_key_size": 24, "raw_value_size": 251977728, "raw_average_value_size": 4096, "num_data_blocks": 61518, "num_entries": 61518, "filter_policy_name": ""}}
2020/03/29-07:08:30.283228 7f267ff200 [/flush_job.cc:392] [usertable] [JOB 8] Level-0 flush table #11: 256769533 bytes OK
2020/03/29-07:08:30.312257 7f267ff200 (Original Log Time 2020/03/29-07:08:30.283275) [/memtable_list.cc:380] [usertable] Level-0 commit table #11 started
2020/03/29-07:08:30.312265 7f267ff200 (Original Log Time 2020/03/29-07:08:30.311971) [/memtable_list.cc:428] [usertable] Level-0 commit table #11: memtable #1 done
2020/03/29-07:08:30.312270 7f267ff200 (Original Log Time 2020/03/29-07:08:30.311994) [/memtable_list.cc:428] [usertable] Level-0 commit table #11: memtable #2 done
2020/03/29-07:08:30.312274 7f267ff200 (Original Log Time 2020/03/29-07:08:30.312054) EVENT_LOG_v1 {"time_micros": 1585465710312034, "job": 8, "event": "flush_finished", "output_compression": "NoCompression", "lsm_state": [1, 0, 0, 0, 0, 0, 0], "immutable_memtables": 0}
2020/03/29-07:08:30.312278 7f267ff200 (Original Log Time 2020/03/29-07:08:30.312106) [/db_impl_compaction_flush.cc:201] [usertable] Level summary: files[1 0 0 0 0 0 0] max score 0.50
2020/03/29-07:08:30.312299 7f267ff200 [/db_impl_files.cc:356] [JOB 8] Try to delete WAL files size 253607166, prev total WAL file size 269214312, number of live WAL files 3.
2020/03/29-07:08:44.174953 7f477ff200 [/db_impl_write.cc:1470] [usertable] New memtable created with log file: #12. Immutable memtables: 0.
2020/03/29-07:08:59.368399 7f447c1200 [/db_impl_write.cc:1470] [usertable] New memtable created with log file: #13. Immutable memtables: 1.
2020/03/29-07:08:59.368723 7f24fff200 [/db_impl_compaction_flush.cc:108] [JOB 22] Syncing log #10
2020/03/29-07:08:59.396118 7f24fff200 [/db_impl_compaction_flush.cc:108] [JOB 22] Syncing log #12
2020/03/29-07:08:59.905468 7f24fff200 (Original Log Time 2020/03/29-07:08:59.368675) [/db_impl_compaction_flush.cc:2073] Calling FlushMemTableToOutputFile with column family [usertable], flush slots available 6, compaction slots available 1, flush slots scheduled 6, compaction slots scheduled 0
2020/03/29-07:08:59.905491 7f24fff200 [/flush_job.cc:322] [usertable] [JOB 22] Flushing memtable with next log file: 12
2020/03/29-07:08:59.905504 7f24fff200 [/flush_job.cc:322] [usertable] [JOB 22] Flushing memtable with next log file: 13
2020/03/29-07:08:59.905560 7f24fff200 EVENT_LOG_v1 {"time_micros": 1585465739905544, "job": 22, "event": "flush_started", "num_memtables": 2, "num_entries": 61514, "num_deletes": 0, "total_data_size": 253622222, "memory_usage": 260071816, "flush_reason": "Write Buffer Full"}
2020/03/29-07:08:59.905572 7f24fff200 [/flush_job.cc:351] [usertable] [JOB 22] Level-0 flush table #14: started
2020/03/29-07:09:01.232720 7f24fff200 EVENT_LOG_v1 {"time_micros": 1585465741232698, "cf_name": "usertable", "job": 22, "event": "table_file_creation", "file_number": 14, "file_size": 256752834, "table_properties": {"data_size": 254483418, "index_size": 2268664, "filter_size": 0, "raw_key_size": 1476336, "raw_average_key_size": 24, "raw_value_size": 251961344, "raw_average_value_size": 4096, "num_data_blocks": 61514, "num_entries": 61514, "filter_policy_name": ""}}
2020/03/29-07:09:01.232837 7f24fff200 [/flush_job.cc:392] [usertable] [JOB 22] Level-0 flush table #14: 256752834 bytes OK
2020/03/29-07:09:01.261360 7f24fff200 (Original Log Time 2020/03/29-07:09:01.232872) [/memtable_list.cc:380] [usertable] Level-0 commit table #14 started
2020/03/29-07:09:01.261368 7f24fff200 (Original Log Time 2020/03/29-07:09:01.261169) [/memtable_list.cc:428] [usertable] Level-0 commit table #14: memtable #1 done
2020/03/29-07:09:01.261373 7f24fff200 (Original Log Time 2020/03/29-07:09:01.261179) [/memtable_list.cc:428] [usertable] Level-0 commit table #14: memtable #2 done
2020/03/29-07:09:01.261377 7f24fff200 (Original Log Time 2020/03/29-07:09:01.261227) EVENT_LOG_v1 {"time_micros": 1585465741261211, "job": 22, "event": "flush_finished", "output_compression": "NoCompression", "lsm_state": [2, 0, 0, 0, 0, 0, 0], "immutable_memtables": 0}
2020/03/29-07:09:01.261381 7f24fff200 (Original Log Time 2020/03/29-07:09:01.261293) [/db_impl_compaction_flush.cc:201] [usertable] Level summary: files[2 0 0 0 0 0 0] max score 1.00
2020/03/29-07:09:01.261401 7f24fff200 [/db_impl_files.cc:356] [JOB 22] Try to delete WAL files size 253586942, prev total WAL file size 262783165, number of live WAL files 3.
2020/03/29-07:09:01.298848 7f45fc1200 (Original Log Time 2020/03/29-07:09:01.265918) [/db_impl_compaction_flush.cc:2536] [usertable] Moving #14 to level-1 256752834 bytes
2020/03/29-07:09:01.298857 7f45fc1200 (Original Log Time 2020/03/29-07:09:01.298721) EVENT_LOG_v1 {"time_micros": 1585465741298697, "job": 26, "event": "trivial_move", "destination_level": 1, "files": 1, "total_files_size": 256752834}
2020/03/29-07:09:01.298862 7f45fc1200 (Original Log Time 2020/03/29-07:09:01.298745) [/db_impl_compaction_flush.cc:2565] [usertable] Moved #1 files to level-1 256752834 bytes OK: files[1 1 0 0 0 0 0] max score 0.50
2020/03/29-07:09:14.580805 7eedfff200 [/db_impl_write.cc:1470] [usertable] New memtable created with log file: #15. Immutable memtables: 0.
