2020/01/27-21:02:49.663856 7f9b6a15c700 RocksDB version: 6.1.2
2020/01/27-21:02:49.663945 7f9b6a15c700 Git sha rocksdb_build_git_sha:
2020/01/27-21:02:49.663951 7f9b6a15c700 Compile date Aug  1 2019
2020/01/27-21:02:49.663964 7f9b6a15c700 DB SUMMARY
2020/01/27-21:02:49.664003 7f9b6a15c700 SST files in /mnt/sdd/mbwu-rocksdb-data dir, Total Num: 0, files: 
2020/01/27-21:02:49.664007 7f9b6a15c700 Write Ahead Log file in /mnt/sdd/mbwu-rocksdb-data: 
2020/01/27-21:02:49.664012 7f9b6a15c700                         Options.error_if_exists: 0
2020/01/27-21:02:49.664014 7f9b6a15c700                       Options.create_if_missing: 1
2020/01/27-21:02:49.664016 7f9b6a15c700                         Options.paranoid_checks: 1
2020/01/27-21:02:49.664017 7f9b6a15c700                                     Options.env: 0x7f9b69e45e80
2020/01/27-21:02:49.664019 7f9b6a15c700                                Options.info_log: 0x7f9b040b1580
2020/01/27-21:02:49.664021 7f9b6a15c700                Options.max_file_opening_threads: 16
2020/01/27-21:02:49.664023 7f9b6a15c700                              Options.statistics: (nil)
2020/01/27-21:02:49.664025 7f9b6a15c700                               Options.use_fsync: 0
2020/01/27-21:02:49.664027 7f9b6a15c700                       Options.max_log_file_size: 0
2020/01/27-21:02:49.664028 7f9b6a15c700                  Options.max_manifest_file_size: 1073741824
2020/01/27-21:02:49.664030 7f9b6a15c700                   Options.log_file_time_to_roll: 0
2020/01/27-21:02:49.664032 7f9b6a15c700                       Options.keep_log_file_num: 1000
2020/01/27-21:02:49.664033 7f9b6a15c700                    Options.recycle_log_file_num: 0
2020/01/27-21:02:49.664035 7f9b6a15c700                         Options.allow_fallocate: 1
2020/01/27-21:02:49.664037 7f9b6a15c700                        Options.allow_mmap_reads: 0
2020/01/27-21:02:49.664038 7f9b6a15c700                       Options.allow_mmap_writes: 0
2020/01/27-21:02:49.664040 7f9b6a15c700                        Options.use_direct_reads: 0
2020/01/27-21:02:49.664041 7f9b6a15c700                        Options.use_direct_io_for_flush_and_compaction: 0
2020/01/27-21:02:49.664043 7f9b6a15c700          Options.create_missing_column_families: 1
2020/01/27-21:02:49.664045 7f9b6a15c700                              Options.db_log_dir: 
2020/01/27-21:02:49.664046 7f9b6a15c700                                 Options.wal_dir: /mnt/sdd/mbwu-rocksdb-data
2020/01/27-21:02:49.664048 7f9b6a15c700                Options.table_cache_numshardbits: 6
2020/01/27-21:02:49.664050 7f9b6a15c700                      Options.max_subcompactions: 1
2020/01/27-21:02:49.664052 7f9b6a15c700                  Options.max_background_flushes: 24
2020/01/27-21:02:49.664053 7f9b6a15c700                         Options.WAL_ttl_seconds: 0
2020/01/27-21:02:49.664055 7f9b6a15c700                       Options.WAL_size_limit_MB: 0
2020/01/27-21:02:49.664056 7f9b6a15c700             Options.manifest_preallocation_size: 4194304
2020/01/27-21:02:49.664058 7f9b6a15c700                     Options.is_fd_close_on_exec: 1
2020/01/27-21:02:49.664060 7f9b6a15c700                   Options.advise_random_on_open: 1
2020/01/27-21:02:49.664061 7f9b6a15c700                    Options.db_write_buffer_size: 0
2020/01/27-21:02:49.664063 7f9b6a15c700                    Options.write_buffer_manager: 0x7f9b040b2370
2020/01/27-21:02:49.664064 7f9b6a15c700         Options.access_hint_on_compaction_start: 1
2020/01/27-21:02:49.664066 7f9b6a15c700  Options.new_table_reader_for_compaction_inputs: 0
2020/01/27-21:02:49.664067 7f9b6a15c700           Options.random_access_max_buffer_size: 1048576
2020/01/27-21:02:49.664069 7f9b6a15c700                      Options.use_adaptive_mutex: 0
2020/01/27-21:02:49.664070 7f9b6a15c700                            Options.rate_limiter: (nil)
2020/01/27-21:02:49.664074 7f9b6a15c700     Options.sst_file_manager.rate_bytes_per_sec: 0
2020/01/27-21:02:49.664075 7f9b6a15c700                       Options.wal_recovery_mode: 2
2020/01/27-21:02:49.664077 7f9b6a15c700                  Options.enable_thread_tracking: 0
2020/01/27-21:02:49.664078 7f9b6a15c700                  Options.enable_pipelined_write: 0
2020/01/27-21:02:49.664097 7f9b6a15c700         Options.allow_concurrent_memtable_write: 1
2020/01/27-21:02:49.664099 7f9b6a15c700      Options.enable_write_thread_adaptive_yield: 1
2020/01/27-21:02:49.664101 7f9b6a15c700             Options.write_thread_max_yield_usec: 100
2020/01/27-21:02:49.664103 7f9b6a15c700            Options.write_thread_slow_yield_usec: 3
2020/01/27-21:02:49.664104 7f9b6a15c700                               Options.row_cache: None
2020/01/27-21:02:49.664106 7f9b6a15c700                              Options.wal_filter: None
2020/01/27-21:02:49.664108 7f9b6a15c700             Options.avoid_flush_during_recovery: 0
2020/01/27-21:02:49.664109 7f9b6a15c700             Options.allow_ingest_behind: 0
2020/01/27-21:02:49.664111 7f9b6a15c700             Options.preserve_deletes: 0
2020/01/27-21:02:49.664112 7f9b6a15c700             Options.two_write_queues: 0
2020/01/27-21:02:49.664114 7f9b6a15c700             Options.manual_wal_flush: 0
2020/01/27-21:02:49.664115 7f9b6a15c700             Options.atomic_flush: 0
2020/01/27-21:02:49.664117 7f9b6a15c700             Options.avoid_unnecessary_blocking_io: 0
2020/01/27-21:02:49.664121 7f9b6a15c700             Options.max_background_jobs: 24
2020/01/27-21:02:49.664122 7f9b6a15c700             Options.max_background_compactions: 24
2020/01/27-21:02:49.664124 7f9b6a15c700             Options.avoid_flush_during_shutdown: 0
2020/01/27-21:02:49.664126 7f9b6a15c700           Options.writable_file_max_buffer_size: 1048576
2020/01/27-21:02:49.664127 7f9b6a15c700             Options.delayed_write_rate : 16777216
2020/01/27-21:02:49.664129 7f9b6a15c700             Options.max_total_wal_size: 0
2020/01/27-21:02:49.664131 7f9b6a15c700             Options.delete_obsolete_files_period_micros: 21600000000
2020/01/27-21:02:49.664132 7f9b6a15c700                   Options.stats_dump_period_sec: 600
2020/01/27-21:02:49.664134 7f9b6a15c700                 Options.stats_persist_period_sec: 600
2020/01/27-21:02:49.664136 7f9b6a15c700                 Options.stats_history_buffer_size: 1048576
2020/01/27-21:02:49.664137 7f9b6a15c700                          Options.max_open_files: -1
2020/01/27-21:02:49.664139 7f9b6a15c700                          Options.bytes_per_sync: 1048576
2020/01/27-21:02:49.664141 7f9b6a15c700                      Options.wal_bytes_per_sync: 0
2020/01/27-21:02:49.664142 7f9b6a15c700       Options.compaction_readahead_size: 0
2020/01/27-21:02:49.664144 7f9b6a15c700 Compression algorithms supported:
2020/01/27-21:02:49.664146 7f9b6a15c700 	kZSTDNotFinalCompression supported: 1
2020/01/27-21:02:49.664157 7f9b6a15c700 	kZSTD supported: 1
2020/01/27-21:02:49.664160 7f9b6a15c700 	kXpressCompression supported: 0
2020/01/27-21:02:49.664162 7f9b6a15c700 	kLZ4HCCompression supported: 1
2020/01/27-21:02:49.664163 7f9b6a15c700 	kLZ4Compression supported: 1
2020/01/27-21:02:49.664165 7f9b6a15c700 	kBZip2Compression supported: 1
2020/01/27-21:02:49.664167 7f9b6a15c700 	kZlibCompression supported: 1
2020/01/27-21:02:49.664169 7f9b6a15c700 	kSnappyCompression supported: 1
2020/01/27-21:02:49.664175 7f9b6a15c700 Fast CRC32 supported: Not supported on x86
2020/01/27-21:02:49.664301 7f9b6a15c700 [/db_impl_open.cc:228] Creating manifest 1 
2020/01/27-21:02:49.770287 7f9b6a15c700 [/version_set.cc:3543] Recovering from manifest file: /mnt/sdd/mbwu-rocksdb-data/MANIFEST-000001
2020/01/27-21:02:49.770658 7f9b6a15c700 [/column_family.cc:477] --------------- Options for column family [default]:
2020/01/27-21:02:49.770673 7f9b6a15c700               Options.comparator: leveldb.BytewiseComparator
2020/01/27-21:02:49.770679 7f9b6a15c700           Options.merge_operator: None
2020/01/27-21:02:49.770685 7f9b6a15c700        Options.compaction_filter: None
2020/01/27-21:02:49.770689 7f9b6a15c700        Options.compaction_filter_factory: None
2020/01/27-21:02:49.770694 7f9b6a15c700         Options.memtable_factory: SkipListFactory
2020/01/27-21:02:49.770699 7f9b6a15c700            Options.table_factory: BlockBasedTable
2020/01/27-21:02:49.770779 7f9b6a15c700            table_factory options:   flush_block_policy_factory: FlushBlockBySizePolicyFactory (0x7f9b040bf080)
  cache_index_and_filter_blocks: 0
  cache_index_and_filter_blocks_with_high_priority: 0
  pin_l0_filter_and_index_blocks_in_cache: 0
  pin_top_level_index_and_filter: 1
  index_type: 0
  data_block_index_type: 0
  data_block_hash_table_util_ratio: 0.750000
  hash_index_allow_collision: 1
  checksum: 1
  no_block_cache: 0
  block_cache: 0x7f9b040bf590
  block_cache_name: LRUCache
  block_cache_options:
    capacity : 8388608
    num_shard_bits : 4
    strict_capacity_limit : 0
    memory_allocator : None
    high_pri_pool_ratio: 0.000
  block_cache_compressed: (nil)
  persistent_cache: (nil)
  block_size: 8192
  block_size_deviation: 10
  block_restart_interval: 16
  index_block_restart_interval: 1
  metadata_block_size: 4096
  partition_filters: 0
  use_delta_encoding: 1
  filter_policy: nullptr
  whole_key_filtering: 1
  verify_compression: 0
  read_amp_bytes_per_bit: 0
  format_version: 2
  enable_index_compression: 1
  block_align: 0
2020/01/27-21:02:49.770836 7f9b6a15c700        Options.write_buffer_size: 134217728
2020/01/27-21:02:49.770844 7f9b6a15c700  Options.max_write_buffer_number: 6
2020/01/27-21:02:49.770851 7f9b6a15c700        Options.compression[0]: NoCompression
2020/01/27-21:02:49.770857 7f9b6a15c700        Options.compression[1]: NoCompression
2020/01/27-21:02:49.770863 7f9b6a15c700        Options.compression[2]: Snappy
2020/01/27-21:02:49.770869 7f9b6a15c700        Options.compression[3]: Snappy
2020/01/27-21:02:49.770874 7f9b6a15c700        Options.compression[4]: Snappy
2020/01/27-21:02:49.770879 7f9b6a15c700        Options.compression[5]: Snappy
2020/01/27-21:02:49.770884 7f9b6a15c700        Options.compression[6]: Snappy
2020/01/27-21:02:49.770889 7f9b6a15c700                  Options.bottommost_compression: Disabled
2020/01/27-21:02:49.770894 7f9b6a15c700       Options.prefix_extractor: nullptr
2020/01/27-21:02:49.770899 7f9b6a15c700   Options.memtable_insert_with_hint_prefix_extractor: nullptr
2020/01/27-21:02:49.770904 7f9b6a15c700             Options.num_levels: 7
2020/01/27-21:02:49.770908 7f9b6a15c700        Options.min_write_buffer_number_to_merge: 2
2020/01/27-21:02:49.770912 7f9b6a15c700     Options.max_write_buffer_number_to_maintain: 0
2020/01/27-21:02:49.770916 7f9b6a15c700            Options.bottommost_compression_opts.window_bits: -14
2020/01/27-21:02:49.770921 7f9b6a15c700                  Options.bottommost_compression_opts.level: 32767
2020/01/27-21:02:49.770925 7f9b6a15c700               Options.bottommost_compression_opts.strategy: 0
2020/01/27-21:02:49.770930 7f9b6a15c700         Options.bottommost_compression_opts.max_dict_bytes: 0
2020/01/27-21:02:49.770934 7f9b6a15c700         Options.bottommost_compression_opts.zstd_max_train_bytes: 0
2020/01/27-21:02:49.770938 7f9b6a15c700                  Options.bottommost_compression_opts.enabled: false
2020/01/27-21:02:49.770943 7f9b6a15c700            Options.compression_opts.window_bits: -14
2020/01/27-21:02:49.770948 7f9b6a15c700                  Options.compression_opts.level: 32767
2020/01/27-21:02:49.770953 7f9b6a15c700               Options.compression_opts.strategy: 0
2020/01/27-21:02:49.770958 7f9b6a15c700         Options.compression_opts.max_dict_bytes: 0
2020/01/27-21:02:49.770962 7f9b6a15c700         Options.compression_opts.zstd_max_train_bytes: 0
2020/01/27-21:02:49.770967 7f9b6a15c700                  Options.compression_opts.enabled: false
2020/01/27-21:02:49.770971 7f9b6a15c700      Options.level0_file_num_compaction_trigger: 2
2020/01/27-21:02:49.770975 7f9b6a15c700          Options.level0_slowdown_writes_trigger: 20
2020/01/27-21:02:49.770980 7f9b6a15c700              Options.level0_stop_writes_trigger: 36
2020/01/27-21:02:49.770984 7f9b6a15c700                   Options.target_file_size_base: 67108864
2020/01/27-21:02:49.770989 7f9b6a15c700             Options.target_file_size_multiplier: 1
2020/01/27-21:02:49.770993 7f9b6a15c700                Options.max_bytes_for_level_base: 536870912
2020/01/27-21:02:49.770999 7f9b6a15c700 Options.level_compaction_dynamic_level_bytes: 0
2020/01/27-21:02:49.771036 7f9b6a15c700          Options.max_bytes_for_level_multiplier: 10.000000
2020/01/27-21:02:49.771049 7f9b6a15c700 Options.max_bytes_for_level_multiplier_addtl[0]: 1
2020/01/27-21:02:49.771055 7f9b6a15c700 Options.max_bytes_for_level_multiplier_addtl[1]: 1
2020/01/27-21:02:49.771059 7f9b6a15c700 Options.max_bytes_for_level_multiplier_addtl[2]: 1
2020/01/27-21:02:49.771063 7f9b6a15c700 Options.max_bytes_for_level_multiplier_addtl[3]: 1
2020/01/27-21:02:49.771067 7f9b6a15c700 Options.max_bytes_for_level_multiplier_addtl[4]: 1
2020/01/27-21:02:49.771071 7f9b6a15c700 Options.max_bytes_for_level_multiplier_addtl[5]: 1
2020/01/27-21:02:49.771075 7f9b6a15c700 Options.max_bytes_for_level_multiplier_addtl[6]: 1
2020/01/27-21:02:49.771079 7f9b6a15c700       Options.max_sequential_skip_in_iterations: 8
2020/01/27-21:02:49.771084 7f9b6a15c700                    Options.max_compaction_bytes: 1677721600
2020/01/27-21:02:49.771088 7f9b6a15c700                        Options.arena_block_size: 16777216
2020/01/27-21:02:49.771093 7f9b6a15c700   Options.soft_pending_compaction_bytes_limit: 68719476736
2020/01/27-21:02:49.771098 7f9b6a15c700   Options.hard_pending_compaction_bytes_limit: 274877906944
2020/01/27-21:02:49.771102 7f9b6a15c700       Options.rate_limit_delay_max_milliseconds: 100
2020/01/27-21:02:49.771106 7f9b6a15c700                Options.disable_auto_compactions: 0
2020/01/27-21:02:49.771113 7f9b6a15c700                        Options.compaction_style: kCompactionStyleLevel
2020/01/27-21:02:49.771119 7f9b6a15c700                          Options.compaction_pri: kMinOverlappingRatio
2020/01/27-21:02:49.771124 7f9b6a15c700 Options.compaction_options_universal.size_ratio: 1
2020/01/27-21:02:49.771129 7f9b6a15c700 Options.compaction_options_universal.min_merge_width: 2
2020/01/27-21:02:49.771133 7f9b6a15c700 Options.compaction_options_universal.max_merge_width: 4294967295
2020/01/27-21:02:49.771138 7f9b6a15c700 Options.compaction_options_universal.max_size_amplification_percent: 200
2020/01/27-21:02:49.771143 7f9b6a15c700 Options.compaction_options_universal.compression_size_percent: -1
2020/01/27-21:02:49.771147 7f9b6a15c700 Options.compaction_options_universal.stop_style: kCompactionStopStyleTotalSize
2020/01/27-21:02:49.771152 7f9b6a15c700 Options.compaction_options_fifo.max_table_files_size: 1073741824
2020/01/27-21:02:49.771157 7f9b6a15c700 Options.compaction_options_fifo.allow_compaction: 0
2020/01/27-21:02:49.771162 7f9b6a15c700                   Options.table_properties_collectors: 
2020/01/27-21:02:49.771166 7f9b6a15c700                   Options.inplace_update_support: 0
2020/01/27-21:02:49.771170 7f9b6a15c700                 Options.inplace_update_num_locks: 10000
2020/01/27-21:02:49.771175 7f9b6a15c700               Options.memtable_prefix_bloom_size_ratio: 0.000000
2020/01/27-21:02:49.771181 7f9b6a15c700               Options.memtable_whole_key_filtering: 0
2020/01/27-21:02:49.771186 7f9b6a15c700   Options.memtable_huge_page_size: 0
2020/01/27-21:02:49.771190 7f9b6a15c700                           Options.bloom_locality: 0
2020/01/27-21:02:49.771195 7f9b6a15c700                    Options.max_successive_merges: 0
2020/01/27-21:02:49.771198 7f9b6a15c700                Options.optimize_filters_for_hits: 0
2020/01/27-21:02:49.771203 7f9b6a15c700                Options.paranoid_file_checks: 0
2020/01/27-21:02:49.771207 7f9b6a15c700                Options.force_consistency_checks: 0
2020/01/27-21:02:49.771212 7f9b6a15c700                Options.report_bg_io_stats: 0
2020/01/27-21:02:49.771216 7f9b6a15c700                               Options.ttl: 0
2020/01/27-21:02:49.773257 7f9b6a15c700 [/version_set.cc:3757] Recovered from manifest file:/mnt/sdd/mbwu-rocksdb-data/MANIFEST-000001 succeeded,manifest_file_number is 1, next_file_number is 3, last_sequence is 0, log_number is 0,prev_log_number is 0,max_column_family is 0,min_log_number_to_keep is 0
2020/01/27-21:02:49.773272 7f9b6a15c700 [/version_set.cc:3766] Column family [default] (ID 0), log number is 0
2020/01/27-21:02:49.773948 7f9b6a15c700 [/version_set.cc:3036] Creating manifest 4
2020/01/27-21:02:49.838773 7f9b6a15c700 [/column_family.cc:477] --------------- Options for column family [usertable]:
2020/01/27-21:02:49.838785 7f9b6a15c700               Options.comparator: leveldb.BytewiseComparator
2020/01/27-21:02:49.838788 7f9b6a15c700           Options.merge_operator: None
2020/01/27-21:02:49.838791 7f9b6a15c700        Options.compaction_filter: None
2020/01/27-21:02:49.838793 7f9b6a15c700        Options.compaction_filter_factory: None
2020/01/27-21:02:49.838795 7f9b6a15c700         Options.memtable_factory: SkipListFactory
2020/01/27-21:02:49.838798 7f9b6a15c700            Options.table_factory: BlockBasedTable
2020/01/27-21:02:49.838846 7f9b6a15c700            table_factory options:   flush_block_policy_factory: FlushBlockBySizePolicyFactory (0x7f9b040bfde0)
  cache_index_and_filter_blocks: 0
  cache_index_and_filter_blocks_with_high_priority: 0
  pin_l0_filter_and_index_blocks_in_cache: 0
  pin_top_level_index_and_filter: 1
  index_type: 0
  data_block_index_type: 0
  data_block_hash_table_util_ratio: 0.750000
  hash_index_allow_collision: 1
  checksum: 1
  no_block_cache: 0
  block_cache: 0x7f9b040c4e60
  block_cache_name: LRUCache
  block_cache_options:
    capacity : 8388608
    num_shard_bits : 4
    strict_capacity_limit : 0
    memory_allocator : None
    high_pri_pool_ratio: 0.000
  block_cache_compressed: (nil)
  persistent_cache: (nil)
  block_size: 8192
  block_size_deviation: 10
  block_restart_interval: 16
  index_block_restart_interval: 1
  metadata_block_size: 4096
  partition_filters: 0
  use_delta_encoding: 1
  filter_policy: nullptr
  whole_key_filtering: 1
  verify_compression: 0
  read_amp_bytes_per_bit: 0
  format_version: 2
  enable_index_compression: 1
  block_align: 0
2020/01/27-21:02:49.838852 7f9b6a15c700        Options.write_buffer_size: 134217728
2020/01/27-21:02:49.838854 7f9b6a15c700  Options.max_write_buffer_number: 6
2020/01/27-21:02:49.838858 7f9b6a15c700        Options.compression[0]: NoCompression
2020/01/27-21:02:49.838861 7f9b6a15c700        Options.compression[1]: NoCompression
2020/01/27-21:02:49.838864 7f9b6a15c700        Options.compression[2]: Snappy
2020/01/27-21:02:49.838867 7f9b6a15c700        Options.compression[3]: Snappy
2020/01/27-21:02:49.838869 7f9b6a15c700        Options.compression[4]: Snappy
2020/01/27-21:02:49.838872 7f9b6a15c700        Options.compression[5]: Snappy
2020/01/27-21:02:49.838875 7f9b6a15c700        Options.compression[6]: Snappy
2020/01/27-21:02:49.838877 7f9b6a15c700                  Options.bottommost_compression: Disabled
2020/01/27-21:02:49.838881 7f9b6a15c700       Options.prefix_extractor: nullptr
2020/01/27-21:02:49.838883 7f9b6a15c700   Options.memtable_insert_with_hint_prefix_extractor: nullptr
2020/01/27-21:02:49.838885 7f9b6a15c700             Options.num_levels: 7
2020/01/27-21:02:49.838888 7f9b6a15c700        Options.min_write_buffer_number_to_merge: 2
2020/01/27-21:02:49.838890 7f9b6a15c700     Options.max_write_buffer_number_to_maintain: 0
2020/01/27-21:02:49.838892 7f9b6a15c700            Options.bottommost_compression_opts.window_bits: -14
2020/01/27-21:02:49.838894 7f9b6a15c700                  Options.bottommost_compression_opts.level: 32767
2020/01/27-21:02:49.838896 7f9b6a15c700               Options.bottommost_compression_opts.strategy: 0
2020/01/27-21:02:49.838899 7f9b6a15c700         Options.bottommost_compression_opts.max_dict_bytes: 0
2020/01/27-21:02:49.838901 7f9b6a15c700         Options.bottommost_compression_opts.zstd_max_train_bytes: 0
2020/01/27-21:02:49.838903 7f9b6a15c700                  Options.bottommost_compression_opts.enabled: false
2020/01/27-21:02:49.838905 7f9b6a15c700            Options.compression_opts.window_bits: -14
2020/01/27-21:02:49.838908 7f9b6a15c700                  Options.compression_opts.level: 32767
2020/01/27-21:02:49.838910 7f9b6a15c700               Options.compression_opts.strategy: 0
2020/01/27-21:02:49.838912 7f9b6a15c700         Options.compression_opts.max_dict_bytes: 0
2020/01/27-21:02:49.838914 7f9b6a15c700         Options.compression_opts.zstd_max_train_bytes: 0
2020/01/27-21:02:49.838943 7f9b6a15c700                  Options.compression_opts.enabled: false
2020/01/27-21:02:49.838947 7f9b6a15c700      Options.level0_file_num_compaction_trigger: 2
2020/01/27-21:02:49.838949 7f9b6a15c700          Options.level0_slowdown_writes_trigger: 20
2020/01/27-21:02:49.838952 7f9b6a15c700              Options.level0_stop_writes_trigger: 36
2020/01/27-21:02:49.838954 7f9b6a15c700                   Options.target_file_size_base: 67108864
2020/01/27-21:02:49.838956 7f9b6a15c700             Options.target_file_size_multiplier: 1
2020/01/27-21:02:49.838958 7f9b6a15c700                Options.max_bytes_for_level_base: 536870912
2020/01/27-21:02:49.838960 7f9b6a15c700 Options.level_compaction_dynamic_level_bytes: 0
2020/01/27-21:02:49.838962 7f9b6a15c700          Options.max_bytes_for_level_multiplier: 10.000000
2020/01/27-21:02:49.838968 7f9b6a15c700 Options.max_bytes_for_level_multiplier_addtl[0]: 1
2020/01/27-21:02:49.838970 7f9b6a15c700 Options.max_bytes_for_level_multiplier_addtl[1]: 1
2020/01/27-21:02:49.838972 7f9b6a15c700 Options.max_bytes_for_level_multiplier_addtl[2]: 1
2020/01/27-21:02:49.838975 7f9b6a15c700 Options.max_bytes_for_level_multiplier_addtl[3]: 1
2020/01/27-21:02:49.838977 7f9b6a15c700 Options.max_bytes_for_level_multiplier_addtl[4]: 1
2020/01/27-21:02:49.838979 7f9b6a15c700 Options.max_bytes_for_level_multiplier_addtl[5]: 1
2020/01/27-21:02:49.838981 7f9b6a15c700 Options.max_bytes_for_level_multiplier_addtl[6]: 1
2020/01/27-21:02:49.838983 7f9b6a15c700       Options.max_sequential_skip_in_iterations: 8
2020/01/27-21:02:49.838985 7f9b6a15c700                    Options.max_compaction_bytes: 1677721600
2020/01/27-21:02:49.838988 7f9b6a15c700                        Options.arena_block_size: 16777216
2020/01/27-21:02:49.838990 7f9b6a15c700   Options.soft_pending_compaction_bytes_limit: 68719476736
2020/01/27-21:02:49.838992 7f9b6a15c700   Options.hard_pending_compaction_bytes_limit: 274877906944
2020/01/27-21:02:49.838995 7f9b6a15c700       Options.rate_limit_delay_max_milliseconds: 100
2020/01/27-21:02:49.838997 7f9b6a15c700                Options.disable_auto_compactions: 0
2020/01/27-21:02:49.839000 7f9b6a15c700                        Options.compaction_style: kCompactionStyleLevel
2020/01/27-21:02:49.839003 7f9b6a15c700                          Options.compaction_pri: kMinOverlappingRatio
2020/01/27-21:02:49.839005 7f9b6a15c700 Options.compaction_options_universal.size_ratio: 1
2020/01/27-21:02:49.839008 7f9b6a15c700 Options.compaction_options_universal.min_merge_width: 2
2020/01/27-21:02:49.839010 7f9b6a15c700 Options.compaction_options_universal.max_merge_width: 4294967295
2020/01/27-21:02:49.839012 7f9b6a15c700 Options.compaction_options_universal.max_size_amplification_percent: 200
2020/01/27-21:02:49.839014 7f9b6a15c700 Options.compaction_options_universal.compression_size_percent: -1
2020/01/27-21:02:49.839017 7f9b6a15c700 Options.compaction_options_universal.stop_style: kCompactionStopStyleTotalSize
2020/01/27-21:02:49.839019 7f9b6a15c700 Options.compaction_options_fifo.max_table_files_size: 1073741824
2020/01/27-21:02:49.839021 7f9b6a15c700 Options.compaction_options_fifo.allow_compaction: 0
2020/01/27-21:02:49.839023 7f9b6a15c700                   Options.table_properties_collectors: 
2020/01/27-21:02:49.839026 7f9b6a15c700                   Options.inplace_update_support: 0
2020/01/27-21:02:49.839028 7f9b6a15c700                 Options.inplace_update_num_locks: 10000
2020/01/27-21:02:49.839030 7f9b6a15c700               Options.memtable_prefix_bloom_size_ratio: 0.000000
2020/01/27-21:02:49.839033 7f9b6a15c700               Options.memtable_whole_key_filtering: 0
2020/01/27-21:02:49.839035 7f9b6a15c700   Options.memtable_huge_page_size: 0
2020/01/27-21:02:49.839037 7f9b6a15c700                           Options.bloom_locality: 0
2020/01/27-21:02:49.839039 7f9b6a15c700                    Options.max_successive_merges: 0
2020/01/27-21:02:49.839041 7f9b6a15c700                Options.optimize_filters_for_hits: 0
2020/01/27-21:02:49.839043 7f9b6a15c700                Options.paranoid_file_checks: 0
2020/01/27-21:02:49.839059 7f9b6a15c700                Options.force_consistency_checks: 0
2020/01/27-21:02:49.839062 7f9b6a15c700                Options.report_bg_io_stats: 0
2020/01/27-21:02:49.839064 7f9b6a15c700                               Options.ttl: 0
2020/01/27-21:02:49.839168 7f9b6a15c700 [/db_impl.cc:1806] Created column family [usertable] (ID 1)
2020/01/27-21:02:49.924593 7f9b6a15c700 DB pointer 0x7f9b040c1b00
2020/01/27-21:02:49.925207 7f9a197fa700 [/db_impl.cc:777] ------- DUMPING STATS -------
2020/01/27-21:02:49.925323 7f9a197fa700 [/db_impl.cc:778] 
** DB Stats **
Uptime(secs): 0.2 total, 0.2 interval
Cumulative writes: 0 writes, 0 keys, 0 commit groups, 0.0 writes per commit group, ingest: 0.00 GB, 0.00 MB/s
Cumulative WAL: 0 writes, 0 syncs, 0.00 writes per sync, written: 0.00 GB, 0.00 MB/s
Cumulative stall: 00:00:0.000 H:M:S, 0.0 percent
Interval writes: 0 writes, 0 keys, 0 commit groups, 0.0 writes per commit group, ingest: 0.00 MB, 0.00 MB/s
Interval WAL: 0 writes, 0 syncs, 0.00 writes per sync, written: 0.00 MB, 0.00 MB/s
Interval stall: 00:00:0.000 H:M:S, 0.0 percent

** Compaction Stats [default] **
Level    Files   Size     Score Read(GB)  Rn(GB) Rnp1(GB) Write(GB) Wnew(GB) Moved(GB) W-Amp Rd(MB/s) Wr(MB/s) Comp(sec) CompMergeCPU(sec) Comp(cnt) Avg(sec) KeyIn KeyDrop
----------------------------------------------------------------------------------------------------------------------------------------------------------------------------
 Sum      0/0    0.00 KB   0.0      0.0     0.0      0.0       0.0      0.0       0.0   0.0      0.0      0.0      0.00              0.00         0    0.000       0      0
 Int      0/0    0.00 KB   0.0      0.0     0.0      0.0       0.0      0.0       0.0   0.0      0.0      0.0      0.00              0.00         0    0.000       0      0

** Compaction Stats [default] **
Priority    Files   Size     Score Read(GB)  Rn(GB) Rnp1(GB) Write(GB) Wnew(GB) Moved(GB) W-Amp Rd(MB/s) Wr(MB/s) Comp(sec) CompMergeCPU(sec) Comp(cnt) Avg(sec) KeyIn KeyDrop
-------------------------------------------------------------------------------------------------------------------------------------------------------------------------------
Uptime(secs): 0.2 total, 0.2 interval
Flush(GB): cumulative 0.000, interval 0.000
AddFile(GB): cumulative 0.000, interval 0.000
AddFile(Total Files): cumulative 0, interval 0
AddFile(L0 Files): cumulative 0, interval 0
AddFile(Keys): cumulative 0, interval 0
Cumulative compaction: 0.00 GB write, 0.00 MB/s write, 0.00 GB read, 0.00 MB/s read, 0.0 seconds
Interval compaction: 0.00 GB write, 0.00 MB/s write, 0.00 GB read, 0.00 MB/s read, 0.0 seconds
Stalls(count): 0 level0_slowdown, 0 level0_slowdown_with_compaction, 0 level0_numfiles, 0 level0_numfiles_with_compaction, 0 stop for pending_compaction_bytes, 0 slowdown for pending_compaction_bytes, 0 memtable_compaction, 0 memtable_slowdown, interval 0 total count

** File Read Latency Histogram By Level [default] **

** Compaction Stats [usertable] **
Level    Files   Size     Score Read(GB)  Rn(GB) Rnp1(GB) Write(GB) Wnew(GB) Moved(GB) W-Amp Rd(MB/s) Wr(MB/s) Comp(sec) CompMergeCPU(sec) Comp(cnt) Avg(sec) KeyIn KeyDrop
----------------------------------------------------------------------------------------------------------------------------------------------------------------------------
 Sum      0/0    0.00 KB   0.0      0.0     0.0      0.0       0.0      0.0       0.0   0.0      0.0      0.0      0.00              0.00         0    0.000       0      0
 Int      0/0    0.00 KB   0.0      0.0     0.0      0.0       0.0      0.0       0.0   0.0      0.0      0.0      0.00              0.00         0    0.000       0      0

** Compaction Stats [usertable] **
Priority    Files   Size     Score Read(GB)  Rn(GB) Rnp1(GB) Write(GB) Wnew(GB) Moved(GB) W-Amp Rd(MB/s) Wr(MB/s) Comp(sec) CompMergeCPU(sec) Comp(cnt) Avg(sec) KeyIn KeyDrop
-------------------------------------------------------------------------------------------------------------------------------------------------------------------------------
Uptime(secs): 0.1 total, 0.1 interval
Flush(GB): cumulative 0.000, interval 0.000
AddFile(GB): cumulative 0.000, interval 0.000
AddFile(Total Files): cumulative 0, interval 0
AddFile(L0 Files): cumulative 0, interval 0
AddFile(Keys): cumulative 0, interval 0
Cumulative compaction: 0.00 GB write, 0.00 MB/s write, 0.00 GB read, 0.00 MB/s read, 0.0 seconds
Interval compaction: 0.00 GB write, 0.00 MB/s write, 0.00 GB read, 0.00 MB/s read, 0.0 seconds
Stalls(count): 0 level0_slowdown, 0 level0_slowdown_with_compaction, 0 level0_numfiles, 0 level0_numfiles_with_compaction, 0 stop for pending_compaction_bytes, 0 slowdown for pending_compaction_bytes, 0 memtable_compaction, 0 memtable_slowdown, interval 0 total count

** File Read Latency Histogram By Level [usertable] **

** Compaction Stats [default] **
Level    Files   Size     Score Read(GB)  Rn(GB) Rnp1(GB) Write(GB) Wnew(GB) Moved(GB) W-Amp Rd(MB/s) Wr(MB/s) Comp(sec) CompMergeCPU(sec) Comp(cnt) Avg(sec) KeyIn KeyDrop
----------------------------------------------------------------------------------------------------------------------------------------------------------------------------
 Sum      0/0    0.00 KB   0.0      0.0     0.0      0.0       0.0      0.0       0.0   0.0      0.0      0.0      0.00              0.00         0    0.000       0      0
 Int      0/0    0.00 KB   0.0      0.0     0.0      0.0       0.0      0.0       0.0   0.0      0.0      0.0      0.00              0.00         0    0.000       0      0

** Compaction Stats [default] **
Priority    Files   Size     Score Read(GB)  Rn(GB) Rnp1(GB) Write(GB) Wnew(GB) Moved(GB) W-Amp Rd(MB/s) Wr(MB/s) Comp(sec) CompMergeCPU(sec) Comp(cnt) Avg(sec) KeyIn KeyDrop
-------------------------------------------------------------------------------------------------------------------------------------------------------------------------------
Uptime(secs): 0.2 total, 0.0 interval
Flush(GB): cumulative 0.000, interval 0.000
AddFile(GB): cumulative 0.000, interval 0.000
AddFile(Total Files): cumulative 0, interval 0
AddFile(L0 Files): cumulative 0, interval 0
AddFile(Keys): cumulative 0, interval 0
Cumulative compaction: 0.00 GB write, 0.00 MB/s write, 0.00 GB read, 0.00 MB/s read, 0.0 seconds
Interval compaction: 0.00 GB write, 0.00 MB/s write, 0.00 GB read, 0.00 MB/s read, 0.0 seconds
Stalls(count): 0 level0_slowdown, 0 level0_slowdown_with_compaction, 0 level0_numfiles, 0 level0_numfiles_with_compaction, 0 stop for pending_compaction_bytes, 0 slowdown for pending_compaction_bytes, 0 memtable_compaction, 0 memtable_slowdown, interval 0 total count

** File Read Latency Histogram By Level [default] **

** Compaction Stats [usertable] **
Level    Files   Size     Score Read(GB)  Rn(GB) Rnp1(GB) Write(GB) Wnew(GB) Moved(GB) W-Amp Rd(MB/s) Wr(MB/s) Comp(sec) CompMergeCPU(sec) Comp(cnt) Avg(sec) KeyIn KeyDrop
----------------------------------------------------------------------------------------------------------------------------------------------------------------------------
 Sum      0/0    0.00 KB   0.0      0.0     0.0      0.0       0.0      0.0       0.0   0.0      0.0      0.0      0.00              0.00         0    0.000       0      0
 Int      0/0    0.00 KB   0.0      0.0     0.0      0.0       0.0      0.0       0.0   0.0      0.0      0.0      0.00              0.00         0    0.000       0      0

** Compaction Stats [usertable] **
Priority    Files   Size     Score Read(GB)  Rn(GB) Rnp1(GB) Write(GB) Wnew(GB) Moved(GB) W-Amp Rd(MB/s) Wr(MB/s) Comp(sec) CompMergeCPU(sec) Comp(cnt) Avg(sec) KeyIn KeyDrop
-------------------------------------------------------------------------------------------------------------------------------------------------------------------------------
Uptime(secs): 0.1 total, 0.0 interval
Flush(GB): cumulative 0.000, interval 0.000
AddFile(GB): cumulative 0.000, interval 0.000
AddFile(Total Files): cumulative 0, interval 0
AddFile(L0 Files): cumulative 0, interval 0
AddFile(Keys): cumulative 0, interval 0
Cumulative compaction: 0.00 GB write, 0.00 MB/s write, 0.00 GB read, 0.00 MB/s read, 0.0 seconds
Interval compaction: 0.00 GB write, 0.00 MB/s write, 0.00 GB read, 0.00 MB/s read, 0.0 seconds
Stalls(count): 0 level0_slowdown, 0 level0_slowdown_with_compaction, 0 level0_numfiles, 0 level0_numfiles_with_compaction, 0 stop for pending_compaction_bytes, 0 slowdown for pending_compaction_bytes, 0 memtable_compaction, 0 memtable_slowdown, interval 0 total count

** File Read Latency Histogram By Level [usertable] **
2020/01/27-21:02:58.721116 7f9afc6f7700 [/db_impl_write.cc:1470] [usertable] New memtable created with log file: #9. Immutable memtables: 0.
2020/01/27-21:03:07.521572 7f9ad85f6700 [/db_impl_write.cc:1470] [usertable] New memtable created with log file: #10. Immutable memtables: 1.
2020/01/27-21:03:07.522480 7f9a5dffb700 [/db_impl_compaction_flush.cc:108] [JOB 26] Syncing log #3
2020/01/27-21:03:07.758389 7f9a5dffb700 [/db_impl_compaction_flush.cc:108] [JOB 26] Syncing log #9
2020/01/27-21:03:08.282707 7f9a5dffb700 (Original Log Time 2020/01/27-21:03:07.522249) [/db_impl_compaction_flush.cc:2073] Calling FlushMemTableToOutputFile with column family [usertable], flush slots available 24, compaction slots available 1, flush slots scheduled 24, compaction slots scheduled 0
2020/01/27-21:03:08.282746 7f9a5dffb700 [/flush_job.cc:322] [usertable] [JOB 26] Flushing memtable with next log file: 9
2020/01/27-21:03:08.282766 7f9a5dffb700 [/flush_job.cc:322] [usertable] [JOB 26] Flushing memtable with next log file: 10
2020/01/27-21:03:08.282871 7f9a5dffb700 EVENT_LOG_v1 {"time_micros": 1580187788282832, "job": 26, "event": "flush_started", "num_memtables": 2, "num_entries": 61515, "num_deletes": 0, "total_data_size": 253626345, "memory_usage": 260120480, "flush_reason": "Write Buffer Full"}
2020/01/27-21:03:08.282884 7f9a5dffb700 [/flush_job.cc:351] [usertable] [JOB 26] Level-0 flush table #11: started
2020/01/27-21:03:09.605136 7f9a5dffb700 EVENT_LOG_v1 {"time_micros": 1580187789605105, "cf_name": "usertable", "job": 26, "event": "table_file_creation", "file_number": 11, "file_size": 254758059, "table_properties": {"data_size": 253626359, "index_size": 1130949, "filter_size": 0, "raw_key_size": 1476360, "raw_average_key_size": 24, "raw_value_size": 251965440, "raw_average_value_size": 4096, "num_data_blocks": 30758, "num_entries": 61515, "filter_policy_name": ""}}
2020/01/27-21:03:09.605185 7f9a5dffb700 [/flush_job.cc:392] [usertable] [JOB 26] Level-0 flush table #11: 254758059 bytes OK
2020/01/27-21:03:09.635192 7f9a5dffb700 (Original Log Time 2020/01/27-21:03:09.605247) [/memtable_list.cc:380] [usertable] Level-0 commit table #11 started
2020/01/27-21:03:09.635199 7f9a5dffb700 (Original Log Time 2020/01/27-21:03:09.634995) [/memtable_list.cc:428] [usertable] Level-0 commit table #11: memtable #1 done
2020/01/27-21:03:09.635203 7f9a5dffb700 (Original Log Time 2020/01/27-21:03:09.635007) [/memtable_list.cc:428] [usertable] Level-0 commit table #11: memtable #2 done
2020/01/27-21:03:09.635207 7f9a5dffb700 (Original Log Time 2020/01/27-21:03:09.635050) EVENT_LOG_v1 {"time_micros": 1580187789635028, "job": 26, "event": "flush_finished", "output_compression": "NoCompression", "lsm_state": [1, 0, 0, 0, 0, 0, 0], "immutable_memtables": 0}
2020/01/27-21:03:09.635210 7f9a5dffb700 (Original Log Time 2020/01/27-21:03:09.635097) [/db_impl_compaction_flush.cc:201] [usertable] Level summary: files[1 0 0 0 0 0 0] max score 0.50
2020/01/27-21:03:09.635233 7f9a5dffb700 [/db_impl_files.cc:356] [JOB 26] Try to delete WAL files size 253930947, prev total WAL file size 284666961, number of live WAL files 3.
2020/01/27-21:03:16.295477 7f9b6a15c700 [/db_impl_write.cc:1470] [usertable] New memtable created with log file: #12. Immutable memtables: 0.
2020/01/27-21:03:25.067434 7f9a9c7f8700 [/db_impl_write.cc:1470] [usertable] New memtable created with log file: #13. Immutable memtables: 1.
2020/01/27-21:03:25.067934 7f9a9cff9700 [/db_impl_compaction_flush.cc:108] [JOB 74] Syncing log #10
2020/01/27-21:03:25.570536 7f9a9cff9700 [/db_impl_compaction_flush.cc:108] [JOB 74] Syncing log #12
2020/01/27-21:03:26.097588 7f9a9cff9700 (Original Log Time 2020/01/27-21:03:25.067881) [/db_impl_compaction_flush.cc:2073] Calling FlushMemTableToOutputFile with column family [usertable], flush slots available 24, compaction slots available 1, flush slots scheduled 24, compaction slots scheduled 0
2020/01/27-21:03:26.097624 7f9a9cff9700 [/flush_job.cc:322] [usertable] [JOB 74] Flushing memtable with next log file: 12
2020/01/27-21:03:26.097636 7f9a9cff9700 [/flush_job.cc:322] [usertable] [JOB 74] Flushing memtable with next log file: 13
2020/01/27-21:03:26.097702 7f9a9cff9700 EVENT_LOG_v1 {"time_micros": 1580187806097682, "job": 74, "event": "flush_started", "num_memtables": 2, "num_entries": 61458, "num_deletes": 0, "total_data_size": 253391334, "memory_usage": 260063072, "flush_reason": "Write Buffer Full"}
2020/01/27-21:03:26.097713 7f9a9cff9700 [/flush_job.cc:351] [usertable] [JOB 74] Level-0 flush table #14: started
2020/01/27-21:03:27.091165 7f9a9cff9700 EVENT_LOG_v1 {"time_micros": 1580187807091136, "cf_name": "usertable", "job": 74, "event": "table_file_creation", "file_number": 14, "file_size": 254535622, "table_properties": {"data_size": 253398162, "index_size": 1136709, "filter_size": 0, "raw_key_size": 1474992, "raw_average_key_size": 24, "raw_value_size": 251731968, "raw_average_value_size": 4096, "num_data_blocks": 30729, "num_entries": 61458, "filter_policy_name": ""}}
2020/01/27-21:03:27.091230 7f9a9cff9700 [/flush_job.cc:392] [usertable] [JOB 74] Level-0 flush table #14: 254535622 bytes OK
2020/01/27-21:03:27.120875 7f9a9cff9700 (Original Log Time 2020/01/27-21:03:27.091268) [/memtable_list.cc:380] [usertable] Level-0 commit table #14 started
2020/01/27-21:03:27.120883 7f9a9cff9700 (Original Log Time 2020/01/27-21:03:27.120715) [/memtable_list.cc:428] [usertable] Level-0 commit table #14: memtable #1 done
2020/01/27-21:03:27.120887 7f9a9cff9700 (Original Log Time 2020/01/27-21:03:27.120721) [/memtable_list.cc:428] [usertable] Level-0 commit table #14: memtable #2 done
2020/01/27-21:03:27.120891 7f9a9cff9700 (Original Log Time 2020/01/27-21:03:27.120758) EVENT_LOG_v1 {"time_micros": 1580187807120740, "job": 74, "event": "flush_finished", "output_compression": "NoCompression", "lsm_state": [2, 0, 0, 0, 0, 0, 0], "immutable_memtables": 0}
2020/01/27-21:03:27.120895 7f9a9cff9700 (Original Log Time 2020/01/27-21:03:27.120824) [/db_impl_compaction_flush.cc:201] [usertable] Level summary: files[2 0 0 0 0 0 0] max score 1.00
2020/01/27-21:03:27.120909 7f9a9cff9700 [/db_impl_files.cc:356] [JOB 74] Try to delete WAL files size 253697082, prev total WAL file size 283369326, number of live WAL files 3.
2020/01/27-21:03:27.150987 7f9b68fb5700 (Original Log Time 2020/01/27-21:03:27.121042) [/db_impl_compaction_flush.cc:2536] [usertable] Moving #14 to level-1 254535622 bytes
