2020/03/29-15:02:52.414054 7f81233200 RocksDB version: 6.1.2
2020/03/29-15:02:52.414202 7f81233200 Git sha rocksdb_build_git_sha:2b38e2dd6602a17a2010308580fd5d8c91dea650
2020/03/29-15:02:52.414209 7f81233200 Compile date Mar 25 2020
2020/03/29-15:02:52.414243 7f81233200 DB SUMMARY
2020/03/29-15:02:52.415438 7f81233200 CURRENT file:  CURRENT
2020/03/29-15:02:52.415450 7f81233200 IDENTITY file:  IDENTITY
2020/03/29-15:02:52.415477 7f81233200 MANIFEST file:  MANIFEST-000004 size: 144664 Bytes
2020/03/29-15:02:52.415484 7f81233200 SST files in /mnt/sda/mbwu-rocksdb-data dir, Total Num: 666, files: 000038.sst 000039.sst 000040.sst 000041.sst 000042.sst 000043.sst 000044.sst 000045.sst 000052.sst 
2020/03/29-15:02:52.415488 7f81233200 Write Ahead Log file in /mnt/sda/mbwu-rocksdb-data: 001515.log size: 126898215 ; 001521.log size: 75311614 ; 
2020/03/29-15:02:52.415500 7f81233200                         Options.error_if_exists: 0
2020/03/29-15:02:52.415504 7f81233200                       Options.create_if_missing: 1
2020/03/29-15:02:52.415507 7f81233200                         Options.paranoid_checks: 1
2020/03/29-15:02:52.415510 7f81233200                                     Options.env: 0x7f80f70768
2020/03/29-15:02:52.415513 7f81233200                                Options.info_log: 0x7f2006b860
2020/03/29-15:02:52.415516 7f81233200                Options.max_file_opening_threads: 16
2020/03/29-15:02:52.415519 7f81233200                              Options.statistics: (nil)
2020/03/29-15:02:52.415522 7f81233200                               Options.use_fsync: 0
2020/03/29-15:02:52.415524 7f81233200                       Options.max_log_file_size: 0
2020/03/29-15:02:52.415527 7f81233200                  Options.max_manifest_file_size: 1073741824
2020/03/29-15:02:52.415530 7f81233200                   Options.log_file_time_to_roll: 0
2020/03/29-15:02:52.415533 7f81233200                       Options.keep_log_file_num: 1000
2020/03/29-15:02:52.415535 7f81233200                    Options.recycle_log_file_num: 0
2020/03/29-15:02:52.415538 7f81233200                         Options.allow_fallocate: 1
2020/03/29-15:02:52.415541 7f81233200                        Options.allow_mmap_reads: 0
2020/03/29-15:02:52.415544 7f81233200                       Options.allow_mmap_writes: 0
2020/03/29-15:02:52.415546 7f81233200                        Options.use_direct_reads: 0
2020/03/29-15:02:52.415549 7f81233200                        Options.use_direct_io_for_flush_and_compaction: 0
2020/03/29-15:02:52.415551 7f81233200          Options.create_missing_column_families: 1
2020/03/29-15:02:52.415554 7f81233200                              Options.db_log_dir: 
2020/03/29-15:02:52.415556 7f81233200                                 Options.wal_dir: /mnt/sda/mbwu-rocksdb-data
2020/03/29-15:02:52.415559 7f81233200                Options.table_cache_numshardbits: 6
2020/03/29-15:02:52.415562 7f81233200                      Options.max_subcompactions: 1
2020/03/29-15:02:52.415564 7f81233200                  Options.max_background_flushes: 6
2020/03/29-15:02:52.415567 7f81233200                         Options.WAL_ttl_seconds: 0
2020/03/29-15:02:52.415570 7f81233200                       Options.WAL_size_limit_MB: 0
2020/03/29-15:02:52.415572 7f81233200             Options.manifest_preallocation_size: 4194304
2020/03/29-15:02:52.415575 7f81233200                     Options.is_fd_close_on_exec: 1
2020/03/29-15:02:52.415578 7f81233200                   Options.advise_random_on_open: 1
2020/03/29-15:02:52.415580 7f81233200                    Options.db_write_buffer_size: 0
2020/03/29-15:02:52.415583 7f81233200                    Options.write_buffer_manager: 0x7f2007b3b0
2020/03/29-15:02:52.415586 7f81233200         Options.access_hint_on_compaction_start: 1
2020/03/29-15:02:52.415588 7f81233200  Options.new_table_reader_for_compaction_inputs: 0
2020/03/29-15:02:52.415591 7f81233200           Options.random_access_max_buffer_size: 1048576
2020/03/29-15:02:52.415593 7f81233200                      Options.use_adaptive_mutex: 0
2020/03/29-15:02:52.415596 7f81233200                            Options.rate_limiter: (nil)
2020/03/29-15:02:52.415641 7f81233200     Options.sst_file_manager.rate_bytes_per_sec: 0
2020/03/29-15:02:52.415646 7f81233200                       Options.wal_recovery_mode: 2
2020/03/29-15:02:52.415649 7f81233200                  Options.enable_thread_tracking: 0
2020/03/29-15:02:52.415652 7f81233200                  Options.enable_pipelined_write: 0
2020/03/29-15:02:52.415654 7f81233200         Options.allow_concurrent_memtable_write: 1
2020/03/29-15:02:52.415656 7f81233200      Options.enable_write_thread_adaptive_yield: 1
2020/03/29-15:02:52.415659 7f81233200             Options.write_thread_max_yield_usec: 100
2020/03/29-15:02:52.415661 7f81233200            Options.write_thread_slow_yield_usec: 3
2020/03/29-15:02:52.415664 7f81233200                               Options.row_cache: None
2020/03/29-15:02:52.415667 7f81233200                              Options.wal_filter: None
2020/03/29-15:02:52.415670 7f81233200             Options.avoid_flush_during_recovery: 0
2020/03/29-15:02:52.415672 7f81233200             Options.allow_ingest_behind: 0
2020/03/29-15:02:52.415674 7f81233200             Options.preserve_deletes: 0
2020/03/29-15:02:52.415677 7f81233200             Options.two_write_queues: 0
2020/03/29-15:02:52.415680 7f81233200             Options.manual_wal_flush: 0
2020/03/29-15:02:52.415682 7f81233200             Options.atomic_flush: 0
2020/03/29-15:02:52.415684 7f81233200             Options.avoid_unnecessary_blocking_io: 0
2020/03/29-15:02:52.415689 7f81233200             Options.max_background_jobs: 6
2020/03/29-15:02:52.415692 7f81233200             Options.max_background_compactions: 6
2020/03/29-15:02:52.415695 7f81233200             Options.avoid_flush_during_shutdown: 0
2020/03/29-15:02:52.415697 7f81233200           Options.writable_file_max_buffer_size: 1048576
2020/03/29-15:02:52.415700 7f81233200             Options.delayed_write_rate : 16777216
2020/03/29-15:02:52.415703 7f81233200             Options.max_total_wal_size: 0
2020/03/29-15:02:52.415706 7f81233200             Options.delete_obsolete_files_period_micros: 21600000000
2020/03/29-15:02:52.415708 7f81233200                   Options.stats_dump_period_sec: 600
2020/03/29-15:02:52.415711 7f81233200                 Options.stats_persist_period_sec: 600
2020/03/29-15:02:52.415714 7f81233200                 Options.stats_history_buffer_size: 1048576
2020/03/29-15:02:52.415716 7f81233200                          Options.max_open_files: -1
2020/03/29-15:02:52.415719 7f81233200                          Options.bytes_per_sync: 1048576
2020/03/29-15:02:52.415722 7f81233200                      Options.wal_bytes_per_sync: 0
2020/03/29-15:02:52.415724 7f81233200       Options.compaction_readahead_size: 0
2020/03/29-15:02:52.415727 7f81233200 Compression algorithms supported:
2020/03/29-15:02:52.415730 7f81233200 	kZSTDNotFinalCompression supported: 1
2020/03/29-15:02:52.415764 7f81233200 	kZSTD supported: 1
2020/03/29-15:02:52.415769 7f81233200 	kXpressCompression supported: 0
2020/03/29-15:02:52.415772 7f81233200 	kLZ4HCCompression supported: 1
2020/03/29-15:02:52.415775 7f81233200 	kLZ4Compression supported: 1
2020/03/29-15:02:52.415778 7f81233200 	kBZip2Compression supported: 1
2020/03/29-15:02:52.415781 7f81233200 	kZlibCompression supported: 1
2020/03/29-15:02:52.415783 7f81233200 	kSnappyCompression supported: 1
2020/03/29-15:02:52.415792 7f81233200 Fast CRC32 supported: Not supported on x86
2020/03/29-15:02:52.416547 7f81233200 [/version_set.cc:3543] Recovering from manifest file: /mnt/sda/mbwu-rocksdb-data/MANIFEST-000004
2020/03/29-15:02:52.416798 7f81233200 [/column_family.cc:477] --------------- Options for column family [default]:
2020/03/29-15:02:52.416807 7f81233200               Options.comparator: leveldb.BytewiseComparator
2020/03/29-15:02:52.416811 7f81233200           Options.merge_operator: None
2020/03/29-15:02:52.416814 7f81233200        Options.compaction_filter: None
2020/03/29-15:02:52.416816 7f81233200        Options.compaction_filter_factory: None
2020/03/29-15:02:52.416819 7f81233200         Options.memtable_factory: SkipListFactory
2020/03/29-15:02:52.416850 7f81233200            Options.table_factory: BlockBasedTable
2020/03/29-15:02:52.416899 7f81233200            table_factory options:   flush_block_policy_factory: FlushBlockBySizePolicyFactory (0x7f2006ce50)
  cache_index_and_filter_blocks: 0
  cache_index_and_filter_blocks_with_high_priority: 0
  pin_l0_filter_and_index_blocks_in_cache: 0
  pin_top_level_index_and_filter: 1
  index_type: 0
  data_block_index_type: 0
  data_block_hash_table_util_ratio: 0.750000
  hash_index_allow_collision: 1
  checksum: 1
  no_block_cache: 0
  block_cache: 0x7f2006cf60
  block_cache_name: LRUCache
  block_cache_options:
    capacity : 8388608
    num_shard_bits : 4
    strict_capacity_limit : 0
    memory_allocator : None
    high_pri_pool_ratio: 0.000
  block_cache_compressed: (nil)
  persistent_cache: (nil)
  block_size: 4096
  block_size_deviation: 10
  block_restart_interval: 16
  index_block_restart_interval: 1
  metadata_block_size: 4096
  partition_filters: 0
  use_delta_encoding: 1
  filter_policy: nullptr
  whole_key_filtering: 1
  verify_compression: 0
  read_amp_bytes_per_bit: 0
  format_version: 2
  enable_index_compression: 1
  block_align: 0
2020/03/29-15:02:52.416903 7f81233200        Options.write_buffer_size: 134217728
2020/03/29-15:02:52.416906 7f81233200  Options.max_write_buffer_number: 6
2020/03/29-15:02:52.416909 7f81233200        Options.compression[0]: NoCompression
2020/03/29-15:02:52.416912 7f81233200        Options.compression[1]: NoCompression
2020/03/29-15:02:52.416914 7f81233200        Options.compression[2]: Snappy
2020/03/29-15:02:52.416917 7f81233200        Options.compression[3]: Snappy
2020/03/29-15:02:52.416920 7f81233200        Options.compression[4]: Snappy
2020/03/29-15:02:52.416922 7f81233200        Options.compression[5]: Snappy
2020/03/29-15:02:52.416925 7f81233200        Options.compression[6]: Snappy
2020/03/29-15:02:52.416928 7f81233200                  Options.bottommost_compression: Disabled
2020/03/29-15:02:52.416930 7f81233200       Options.prefix_extractor: nullptr
2020/03/29-15:02:52.416933 7f81233200   Options.memtable_insert_with_hint_prefix_extractor: nullptr
2020/03/29-15:02:52.416936 7f81233200             Options.num_levels: 7
2020/03/29-15:02:52.416938 7f81233200        Options.min_write_buffer_number_to_merge: 2
2020/03/29-15:02:52.416941 7f81233200     Options.max_write_buffer_number_to_maintain: 0
2020/03/29-15:02:52.416944 7f81233200            Options.bottommost_compression_opts.window_bits: -14
2020/03/29-15:02:52.416947 7f81233200                  Options.bottommost_compression_opts.level: 32767
2020/03/29-15:02:52.416949 7f81233200               Options.bottommost_compression_opts.strategy: 0
2020/03/29-15:02:52.416952 7f81233200         Options.bottommost_compression_opts.max_dict_bytes: 0
2020/03/29-15:02:52.416954 7f81233200         Options.bottommost_compression_opts.zstd_max_train_bytes: 0
2020/03/29-15:02:52.416957 7f81233200                  Options.bottommost_compression_opts.enabled: false
2020/03/29-15:02:52.416960 7f81233200            Options.compression_opts.window_bits: -14
2020/03/29-15:02:52.416963 7f81233200                  Options.compression_opts.level: 32767
2020/03/29-15:02:52.416965 7f81233200               Options.compression_opts.strategy: 0
2020/03/29-15:02:52.416968 7f81233200         Options.compression_opts.max_dict_bytes: 0
2020/03/29-15:02:52.416970 7f81233200         Options.compression_opts.zstd_max_train_bytes: 0
2020/03/29-15:02:52.416973 7f81233200                  Options.compression_opts.enabled: false
2020/03/29-15:02:52.416976 7f81233200      Options.level0_file_num_compaction_trigger: 2
2020/03/29-15:02:52.416978 7f81233200          Options.level0_slowdown_writes_trigger: 20
2020/03/29-15:02:52.416981 7f81233200              Options.level0_stop_writes_trigger: 36
2020/03/29-15:02:52.416984 7f81233200                   Options.target_file_size_base: 67108864
2020/03/29-15:02:52.416986 7f81233200             Options.target_file_size_multiplier: 1
2020/03/29-15:02:52.416989 7f81233200                Options.max_bytes_for_level_base: 536870912
2020/03/29-15:02:52.417005 7f81233200 Options.level_compaction_dynamic_level_bytes: 0
2020/03/29-15:02:52.417009 7f81233200          Options.max_bytes_for_level_multiplier: 10.000000
2020/03/29-15:02:52.417014 7f81233200 Options.max_bytes_for_level_multiplier_addtl[0]: 1
2020/03/29-15:02:52.417017 7f81233200 Options.max_bytes_for_level_multiplier_addtl[1]: 1
2020/03/29-15:02:52.417020 7f81233200 Options.max_bytes_for_level_multiplier_addtl[2]: 1
2020/03/29-15:02:52.417022 7f81233200 Options.max_bytes_for_level_multiplier_addtl[3]: 1
2020/03/29-15:02:52.417025 7f81233200 Options.max_bytes_for_level_multiplier_addtl[4]: 1
2020/03/29-15:02:52.417027 7f81233200 Options.max_bytes_for_level_multiplier_addtl[5]: 1
2020/03/29-15:02:52.417030 7f81233200 Options.max_bytes_for_level_multiplier_addtl[6]: 1
2020/03/29-15:02:52.417033 7f81233200       Options.max_sequential_skip_in_iterations: 8
2020/03/29-15:02:52.417035 7f81233200                    Options.max_compaction_bytes: 1677721600
2020/03/29-15:02:52.417038 7f81233200                        Options.arena_block_size: 16777216
2020/03/29-15:02:52.417040 7f81233200   Options.soft_pending_compaction_bytes_limit: 68719476736
2020/03/29-15:02:52.417043 7f81233200   Options.hard_pending_compaction_bytes_limit: 274877906944
2020/03/29-15:02:52.417046 7f81233200       Options.rate_limit_delay_max_milliseconds: 100
2020/03/29-15:02:52.417049 7f81233200                Options.disable_auto_compactions: 0
2020/03/29-15:02:52.417053 7f81233200                        Options.compaction_style: kCompactionStyleLevel
2020/03/29-15:02:52.417058 7f81233200                          Options.compaction_pri: kMinOverlappingRatio
2020/03/29-15:02:52.417060 7f81233200 Options.compaction_options_universal.size_ratio: 1
2020/03/29-15:02:52.417063 7f81233200 Options.compaction_options_universal.min_merge_width: 2
2020/03/29-15:02:52.417066 7f81233200 Options.compaction_options_universal.max_merge_width: 4294967295
2020/03/29-15:02:52.417068 7f81233200 Options.compaction_options_universal.max_size_amplification_percent: 200
2020/03/29-15:02:52.417071 7f81233200 Options.compaction_options_universal.compression_size_percent: -1
2020/03/29-15:02:52.417075 7f81233200 Options.compaction_options_universal.stop_style: kCompactionStopStyleTotalSize
2020/03/29-15:02:52.417077 7f81233200 Options.compaction_options_fifo.max_table_files_size: 1073741824
2020/03/29-15:02:52.417080 7f81233200 Options.compaction_options_fifo.allow_compaction: 0
2020/03/29-15:02:52.417083 7f81233200                   Options.table_properties_collectors: 
2020/03/29-15:02:52.417086 7f81233200                   Options.inplace_update_support: 0
2020/03/29-15:02:52.417088 7f81233200                 Options.inplace_update_num_locks: 10000
2020/03/29-15:02:52.417091 7f81233200               Options.memtable_prefix_bloom_size_ratio: 0.000000
2020/03/29-15:02:52.417094 7f81233200               Options.memtable_whole_key_filtering: 0
2020/03/29-15:02:52.417096 7f81233200   Options.memtable_huge_page_size: 0
2020/03/29-15:02:52.417099 7f81233200                           Options.bloom_locality: 0
2020/03/29-15:02:52.417101 7f81233200                    Options.max_successive_merges: 0
2020/03/29-15:02:52.417104 7f81233200                Options.optimize_filters_for_hits: 0
2020/03/29-15:02:52.417106 7f81233200                Options.paranoid_file_checks: 0
2020/03/29-15:02:52.417109 7f81233200                Options.force_consistency_checks: 0
2020/03/29-15:02:52.417111 7f81233200                Options.report_bg_io_stats: 0
2020/03/29-15:02:52.417113 7f81233200                               Options.ttl: 0
2020/03/29-15:02:52.417784 7f81233200 [/column_family.cc:477] --------------- Options for column family [usertable]:
2020/03/29-15:02:52.417795 7f81233200               Options.comparator: leveldb.BytewiseComparator
2020/03/29-15:02:52.417798 7f81233200           Options.merge_operator: None
2020/03/29-15:02:52.417801 7f81233200        Options.compaction_filter: None
2020/03/29-15:02:52.417803 7f81233200        Options.compaction_filter_factory: None
2020/03/29-15:02:52.417829 7f81233200         Options.memtable_factory: SkipListFactory
2020/03/29-15:02:52.417834 7f81233200            Options.table_factory: BlockBasedTable
2020/03/29-15:02:52.417875 7f81233200            table_factory options:   flush_block_policy_factory: FlushBlockBySizePolicyFactory (0x7f2006baa0)
  cache_index_and_filter_blocks: 0
  cache_index_and_filter_blocks_with_high_priority: 0
  pin_l0_filter_and_index_blocks_in_cache: 0
  pin_top_level_index_and_filter: 1
  index_type: 0
  data_block_index_type: 0
  data_block_hash_table_util_ratio: 0.750000
  hash_index_allow_collision: 1
  checksum: 1
  no_block_cache: 0
  block_cache: 0x7f2006bc40
  block_cache_name: LRUCache
  block_cache_options:
    capacity : 8388608
    num_shard_bits : 4
    strict_capacity_limit : 0
    memory_allocator : None
    high_pri_pool_ratio: 0.000
  block_cache_compressed: (nil)
  persistent_cache: (nil)
  block_size: 4096
  block_size_deviation: 10
  block_restart_interval: 16
  index_block_restart_interval: 1
  metadata_block_size: 4096
  partition_filters: 0
  use_delta_encoding: 1
  filter_policy: nullptr
  whole_key_filtering: 1
  verify_compression: 0
  read_amp_bytes_per_bit: 0
  format_version: 2
  enable_index_compression: 1
  block_align: 0
2020/03/29-15:02:52.417879 7f81233200        Options.write_buffer_size: 134217728
2020/03/29-15:02:52.417882 7f81233200  Options.max_write_buffer_number: 6
2020/03/29-15:02:52.417885 7f81233200        Options.compression[0]: NoCompression
2020/03/29-15:02:52.417888 7f81233200        Options.compression[1]: NoCompression
2020/03/29-15:02:52.417890 7f81233200        Options.compression[2]: Snappy
2020/03/29-15:02:52.417893 7f81233200        Options.compression[3]: Snappy
2020/03/29-15:02:52.417896 7f81233200        Options.compression[4]: Snappy
2020/03/29-15:02:52.417898 7f81233200        Options.compression[5]: Snappy
2020/03/29-15:02:52.417901 7f81233200        Options.compression[6]: Snappy
2020/03/29-15:02:52.417903 7f81233200                  Options.bottommost_compression: Disabled
2020/03/29-15:02:52.417906 7f81233200       Options.prefix_extractor: nullptr
2020/03/29-15:02:52.417908 7f81233200   Options.memtable_insert_with_hint_prefix_extractor: nullptr
2020/03/29-15:02:52.417911 7f81233200             Options.num_levels: 7
2020/03/29-15:02:52.417913 7f81233200        Options.min_write_buffer_number_to_merge: 2
2020/03/29-15:02:52.417916 7f81233200     Options.max_write_buffer_number_to_maintain: 0
2020/03/29-15:02:52.417918 7f81233200            Options.bottommost_compression_opts.window_bits: -14
2020/03/29-15:02:52.417921 7f81233200                  Options.bottommost_compression_opts.level: 32767
2020/03/29-15:02:52.417923 7f81233200               Options.bottommost_compression_opts.strategy: 0
2020/03/29-15:02:52.417926 7f81233200         Options.bottommost_compression_opts.max_dict_bytes: 0
2020/03/29-15:02:52.417928 7f81233200         Options.bottommost_compression_opts.zstd_max_train_bytes: 0
2020/03/29-15:02:52.417931 7f81233200                  Options.bottommost_compression_opts.enabled: false
2020/03/29-15:02:52.417933 7f81233200            Options.compression_opts.window_bits: -14
2020/03/29-15:02:52.417936 7f81233200                  Options.compression_opts.level: 32767
2020/03/29-15:02:52.417938 7f81233200               Options.compression_opts.strategy: 0
2020/03/29-15:02:52.417941 7f81233200         Options.compression_opts.max_dict_bytes: 0
2020/03/29-15:02:52.417943 7f81233200         Options.compression_opts.zstd_max_train_bytes: 0
2020/03/29-15:02:52.417945 7f81233200                  Options.compression_opts.enabled: false
2020/03/29-15:02:52.417948 7f81233200      Options.level0_file_num_compaction_trigger: 2
2020/03/29-15:02:52.417950 7f81233200          Options.level0_slowdown_writes_trigger: 20
2020/03/29-15:02:52.417953 7f81233200              Options.level0_stop_writes_trigger: 36
2020/03/29-15:02:52.417955 7f81233200                   Options.target_file_size_base: 67108864
2020/03/29-15:02:52.417971 7f81233200             Options.target_file_size_multiplier: 1
2020/03/29-15:02:52.417975 7f81233200                Options.max_bytes_for_level_base: 536870912
2020/03/29-15:02:52.417978 7f81233200 Options.level_compaction_dynamic_level_bytes: 0
2020/03/29-15:02:52.417980 7f81233200          Options.max_bytes_for_level_multiplier: 10.000000
2020/03/29-15:02:52.417985 7f81233200 Options.max_bytes_for_level_multiplier_addtl[0]: 1
2020/03/29-15:02:52.417987 7f81233200 Options.max_bytes_for_level_multiplier_addtl[1]: 1
2020/03/29-15:02:52.417990 7f81233200 Options.max_bytes_for_level_multiplier_addtl[2]: 1
2020/03/29-15:02:52.417993 7f81233200 Options.max_bytes_for_level_multiplier_addtl[3]: 1
2020/03/29-15:02:52.417995 7f81233200 Options.max_bytes_for_level_multiplier_addtl[4]: 1
2020/03/29-15:02:52.417998 7f81233200 Options.max_bytes_for_level_multiplier_addtl[5]: 1
2020/03/29-15:02:52.418000 7f81233200 Options.max_bytes_for_level_multiplier_addtl[6]: 1
2020/03/29-15:02:52.418003 7f81233200       Options.max_sequential_skip_in_iterations: 8
2020/03/29-15:02:52.418006 7f81233200                    Options.max_compaction_bytes: 1677721600
2020/03/29-15:02:52.418008 7f81233200                        Options.arena_block_size: 16777216
2020/03/29-15:02:52.418011 7f81233200   Options.soft_pending_compaction_bytes_limit: 68719476736
2020/03/29-15:02:52.418013 7f81233200   Options.hard_pending_compaction_bytes_limit: 274877906944
2020/03/29-15:02:52.418015 7f81233200       Options.rate_limit_delay_max_milliseconds: 100
2020/03/29-15:02:52.418018 7f81233200                Options.disable_auto_compactions: 0
2020/03/29-15:02:52.418022 7f81233200                        Options.compaction_style: kCompactionStyleLevel
2020/03/29-15:02:52.418025 7f81233200                          Options.compaction_pri: kMinOverlappingRatio
2020/03/29-15:02:52.418028 7f81233200 Options.compaction_options_universal.size_ratio: 1
2020/03/29-15:02:52.418031 7f81233200 Options.compaction_options_universal.min_merge_width: 2
2020/03/29-15:02:52.418033 7f81233200 Options.compaction_options_universal.max_merge_width: 4294967295
2020/03/29-15:02:52.418036 7f81233200 Options.compaction_options_universal.max_size_amplification_percent: 200
2020/03/29-15:02:52.418038 7f81233200 Options.compaction_options_universal.compression_size_percent: -1
2020/03/29-15:02:52.418041 7f81233200 Options.compaction_options_universal.stop_style: kCompactionStopStyleTotalSize
2020/03/29-15:02:52.418044 7f81233200 Options.compaction_options_fifo.max_table_files_size: 1073741824
2020/03/29-15:02:52.418046 7f81233200 Options.compaction_options_fifo.allow_compaction: 0
2020/03/29-15:02:52.418049 7f81233200                   Options.table_properties_collectors: 
2020/03/29-15:02:52.418052 7f81233200                   Options.inplace_update_support: 0
2020/03/29-15:02:52.418054 7f81233200                 Options.inplace_update_num_locks: 10000
2020/03/29-15:02:52.418057 7f81233200               Options.memtable_prefix_bloom_size_ratio: 0.000000
2020/03/29-15:02:52.418060 7f81233200               Options.memtable_whole_key_filtering: 0
2020/03/29-15:02:52.418062 7f81233200   Options.memtable_huge_page_size: 0
2020/03/29-15:02:52.418065 7f81233200                           Options.bloom_locality: 0
2020/03/29-15:02:52.418067 7f81233200                    Options.max_successive_merges: 0
2020/03/29-15:02:52.418069 7f81233200                Options.optimize_filters_for_hits: 0
2020/03/29-15:02:52.418072 7f81233200                Options.paranoid_file_checks: 0
2020/03/29-15:02:52.418074 7f81233200                Options.force_consistency_checks: 0
2020/03/29-15:02:52.418077 7f81233200                Options.report_bg_io_stats: 0
2020/03/29-15:02:52.418079 7f81233200                               Options.ttl: 0
2020/03/29-15:02:53.503747 7f81233200 [/version_set.cc:3757] Recovered from manifest file:/mnt/sda/mbwu-rocksdb-data/MANIFEST-000004 succeeded,manifest_file_number is 4, next_file_number is 1522, last_sequence is 10406339, log_number is 1515,prev_log_number is 0,max_column_family is 1,min_log_number_to_keep is 0
2020/03/29-15:02:53.503941 7f81233200 [/version_set.cc:3766] Column family [default] (ID 0), log number is 0
2020/03/29-15:02:53.503955 7f81233200 [/version_set.cc:3766] Column family [usertable] (ID 1), log number is 1515
2020/03/29-15:02:53.512844 7f81233200 EVENT_LOG_v1 {"time_micros": 1585494173512802, "job": 1, "event": "recovery_started", "log_files": [1515, 1521]}
2020/03/29-15:02:53.512906 7f81233200 [/db_impl_open.cc:583] Recovering log #1515 mode 2
2020/03/29-15:02:54.099491 7f81233200 [/db_impl_open.cc:583] Recovering log #1521 mode 2
2020/03/29-15:02:55.518857 7f81233200 EVENT_LOG_v1 {"time_micros": 1585494175518807, "cf_name": "usertable", "job": 1, "event": "table_file_creation", "file_number": 1522, "file_size": 130914252, "table_properties": {"data_size": 129757005, "index_size": 1156500, "filter_size": 0, "raw_key_size": 752760, "raw_average_key_size": 24, "raw_value_size": 128471040, "raw_average_value_size": 4096, "num_data_blocks": 31365, "num_entries": 31365, "filter_policy_name": ""}}
2020/03/29-15:02:56.206883 7f81233200 [/version_set.cc:3036] Creating manifest 1523
2020/03/29-15:02:56.654938 7f81233200 EVENT_LOG_v1 {"time_micros": 1585494176654915, "cf_name": "usertable", "job": 1, "event": "table_file_creation", "file_number": 1524, "file_size": 73644326, "table_properties": {"data_size": 72993228, "index_size": 650351, "filter_size": 0, "raw_key_size": 423456, "raw_average_key_size": 24, "raw_value_size": 72269824, "raw_average_value_size": 4096, "num_data_blocks": 17644, "num_entries": 17644, "filter_policy_name": ""}}
2020/03/29-15:02:56.685037 7f81233200 EVENT_LOG_v1 {"time_micros": 1585494176685027, "job": 1, "event": "recovery_finished"}
2020/03/29-15:02:56.782125 7f81233200 DB pointer 0x7f20079cf0
2020/03/29-15:02:56.783171 7efd7ff200 [/db_impl.cc:777] ------- DUMPING STATS -------
2020/03/29-15:02:56.783259 7efd7ff200 [/db_impl.cc:778] 
** DB Stats **
Uptime(secs): 4.4 total, 4.4 interval
Cumulative writes: 0 writes, 0 keys, 0 commit groups, 0.0 writes per commit group, ingest: 0.00 GB, 0.00 MB/s
Cumulative WAL: 0 writes, 0 syncs, 0.00 writes per sync, written: 0.00 GB, 0.00 MB/s
Cumulative stall: 00:00:0.000 H:M:S, 0.0 percent
Interval writes: 0 writes, 0 keys, 0 commit groups, 0.0 writes per commit group, ingest: 0.00 MB, 0.00 MB/s
Interval WAL: 0 writes, 0 syncs, 0.00 writes per sync, written: 0.00 MB, 0.00 MB/s
Interval stall: 00:00:0.000 H:M:S, 0.0 percent

** Compaction Stats [default] **
Level    Files   Size     Score Read(GB)  Rn(GB) Rnp1(GB) Write(GB) Wnew(GB) Moved(GB) W-Amp Rd(MB/s) Wr(MB/s) Comp(sec) CompMergeCPU(sec) Comp(cnt) Avg(sec) KeyIn KeyDrop
----------------------------------------------------------------------------------------------------------------------------------------------------------------------------
 Sum      0/0    0.00 KB   0.0      0.0     0.0      0.0       0.0      0.0       0.0   0.0      0.0      0.0      0.00              0.00         0    0.000       0      0
 Int      0/0    0.00 KB   0.0      0.0     0.0      0.0       0.0      0.0       0.0   0.0      0.0      0.0      0.00              0.00         0    0.000       0      0

** Compaction Stats [default] **
Priority    Files   Size     Score Read(GB)  Rn(GB) Rnp1(GB) Write(GB) Wnew(GB) Moved(GB) W-Amp Rd(MB/s) Wr(MB/s) Comp(sec) CompMergeCPU(sec) Comp(cnt) Avg(sec) KeyIn KeyDrop
-------------------------------------------------------------------------------------------------------------------------------------------------------------------------------
Uptime(secs): 4.4 total, 4.4 interval
Flush(GB): cumulative 0.000, interval 0.000
AddFile(GB): cumulative 0.000, interval 0.000
AddFile(Total Files): cumulative 0, interval 0
AddFile(L0 Files): cumulative 0, interval 0
AddFile(Keys): cumulative 0, interval 0
Cumulative compaction: 0.00 GB write, 0.00 MB/s write, 0.00 GB read, 0.00 MB/s read, 0.0 seconds
Interval compaction: 0.00 GB write, 0.00 MB/s write, 0.00 GB read, 0.00 MB/s read, 0.0 seconds
Stalls(count): 0 level0_slowdown, 0 level0_slowdown_with_compaction, 0 level0_numfiles, 0 level0_numfiles_with_compaction, 0 stop for pending_compaction_bytes, 0 slowdown for pending_compaction_bytes, 0 memtable_compaction, 0 memtable_slowdown, interval 0 total count

** File Read Latency Histogram By Level [default] **

** Compaction Stats [usertable] **
Level    Files   Size     Score Read(GB)  Rn(GB) Rnp1(GB) Write(GB) Wnew(GB) Moved(GB) W-Amp Rd(MB/s) Wr(MB/s) Comp(sec) CompMergeCPU(sec) Comp(cnt) Avg(sec) KeyIn KeyDrop
----------------------------------------------------------------------------------------------------------------------------------------------------------------------------
  L0      3/1   439.94 MB   1.0      0.0     0.0      0.0       0.2      0.2       0.0   1.0      0.0    108.7      1.80              0.00         2    0.898       0      0
  L1      2/0   309.44 MB   0.6      0.0     0.0      0.0       0.0      0.0       0.0   0.0      0.0      0.0      0.00              0.00         0    0.000       0      0
  L2     82/0    4.98 GB   1.0      0.0     0.0      0.0       0.0      0.0       0.0   0.0      0.0      0.0      0.00              0.00         0    0.000       0      0
  L3    581/0   34.66 GB   0.7      0.0     0.0      0.0       0.0      0.0       0.0   0.0      0.0      0.0      0.00              0.00         0    0.000       0      0
 Sum    668/1   40.38 GB   0.0      0.0     0.0      0.0       0.2      0.2       0.0   1.0      0.0    108.7      1.80              0.00         2    0.898       0      0
 Int      0/0    0.00 KB   0.0      0.0     0.0      0.0       0.2      0.2       0.0   1.0      0.0    108.7      1.80              0.00         2    0.898       0      0

** Compaction Stats [usertable] **
Priority    Files   Size     Score Read(GB)  Rn(GB) Rnp1(GB) Write(GB) Wnew(GB) Moved(GB) W-Amp Rd(MB/s) Wr(MB/s) Comp(sec) CompMergeCPU(sec) Comp(cnt) Avg(sec) KeyIn KeyDrop
-------------------------------------------------------------------------------------------------------------------------------------------------------------------------------
User      0/0    0.00 KB   0.0      0.0     0.0      0.0       0.2      0.2       0.0   0.0      0.0    108.7      1.80              0.00         2    0.898       0      0
Uptime(secs): 4.4 total, 4.4 interval
Flush(GB): cumulative 0.191, interval 0.191
AddFile(GB): cumulative 0.000, interval 0.000
AddFile(Total Files): cumulative 0, interval 0
AddFile(L0 Files): cumulative 0, interval 0
AddFile(Keys): cumulative 0, interval 0
Cumulative compaction: 0.19 GB write, 44.69 MB/s write, 0.00 GB read, 0.00 MB/s read, 1.8 seconds
Interval compaction: 0.19 GB write, 44.69 MB/s write, 0.00 GB read, 0.00 MB/s read, 1.8 seconds
Stalls(count): 0 level0_slowdown, 0 level0_slowdown_with_compaction, 0 level0_numfiles, 0 level0_numfiles_with_compaction, 0 stop for pending_compaction_bytes, 0 slowdown for pending_compaction_bytes, 0 memtable_compaction, 0 memtable_slowdown, interval 0 total count

** File Read Latency Histogram By Level [usertable] **

** Compaction Stats [default] **
Level    Files   Size     Score Read(GB)  Rn(GB) Rnp1(GB) Write(GB) Wnew(GB) Moved(GB) W-Amp Rd(MB/s) Wr(MB/s) Comp(sec) CompMergeCPU(sec) Comp(cnt) Avg(sec) KeyIn KeyDrop
----------------------------------------------------------------------------------------------------------------------------------------------------------------------------
 Sum      0/0    0.00 KB   0.0      0.0     0.0      0.0       0.0      0.0       0.0   0.0      0.0      0.0      0.00              0.00         0    0.000       0      0
 Int      0/0    0.00 KB   0.0      0.0     0.0      0.0       0.0      0.0       0.0   0.0      0.0      0.0      0.00              0.00         0    0.000       0      0

** Compaction Stats [default] **
Priority    Files   Size     Score Read(GB)  Rn(GB) Rnp1(GB) Write(GB) Wnew(GB) Moved(GB) W-Amp Rd(MB/s) Wr(MB/s) Comp(sec) CompMergeCPU(sec) Comp(cnt) Avg(sec) KeyIn KeyDrop
-------------------------------------------------------------------------------------------------------------------------------------------------------------------------------
Uptime(secs): 4.4 total, 0.0 interval
Flush(GB): cumulative 0.000, interval 0.000
AddFile(GB): cumulative 0.000, interval 0.000
AddFile(Total Files): cumulative 0, interval 0
AddFile(L0 Files): cumulative 0, interval 0
AddFile(Keys): cumulative 0, interval 0
Cumulative compaction: 0.00 GB write, 0.00 MB/s write, 0.00 GB read, 0.00 MB/s read, 0.0 seconds
Interval compaction: 0.00 GB write, 0.00 MB/s write, 0.00 GB read, 0.00 MB/s read, 0.0 seconds
Stalls(count): 0 level0_slowdown, 0 level0_slowdown_with_compaction, 0 level0_numfiles, 0 level0_numfiles_with_compaction, 0 stop for pending_compaction_bytes, 0 slowdown for pending_compaction_bytes, 0 memtable_compaction, 0 memtable_slowdown, interval 0 total count

** File Read Latency Histogram By Level [default] **

** Compaction Stats [usertable] **
Level    Files   Size     Score Read(GB)  Rn(GB) Rnp1(GB) Write(GB) Wnew(GB) Moved(GB) W-Amp Rd(MB/s) Wr(MB/s) Comp(sec) CompMergeCPU(sec) Comp(cnt) Avg(sec) KeyIn KeyDrop
----------------------------------------------------------------------------------------------------------------------------------------------------------------------------
  L0      3/1   439.94 MB   1.0      0.0     0.0      0.0       0.2      0.2       0.0   1.0      0.0    108.7      1.80              0.00         2    0.898       0      0
  L1      2/0   309.44 MB   0.6      0.0     0.0      0.0       0.0      0.0       0.0   0.0      0.0      0.0      0.00              0.00         0    0.000       0      0
  L2     82/0    4.98 GB   1.0      0.0     0.0      0.0       0.0      0.0       0.0   0.0      0.0      0.0      0.00              0.00         0    0.000       0      0
  L3    581/0   34.66 GB   0.7      0.0     0.0      0.0       0.0      0.0       0.0   0.0      0.0      0.0      0.00              0.00         0    0.000       0      0
 Sum    668/1   40.38 GB   0.0      0.0     0.0      0.0       0.2      0.2       0.0   1.0      0.0    108.7      1.80              0.00         2    0.898       0      0
 Int      0/0    0.00 KB   0.0      0.0     0.0      0.0       0.0      0.0       0.0   0.0      0.0      0.0      0.00              0.00         0    0.000       0      0

** Compaction Stats [usertable] **
Priority    Files   Size     Score Read(GB)  Rn(GB) Rnp1(GB) Write(GB) Wnew(GB) Moved(GB) W-Amp Rd(MB/s) Wr(MB/s) Comp(sec) CompMergeCPU(sec) Comp(cnt) Avg(sec) KeyIn KeyDrop
-------------------------------------------------------------------------------------------------------------------------------------------------------------------------------
User      0/0    0.00 KB   0.0      0.0     0.0      0.0       0.2      0.2       0.0   0.0      0.0    108.7      1.80              0.00         2    0.898       0      0
Uptime(secs): 4.4 total, 0.0 interval
Flush(GB): cumulative 0.191, interval 0.000
AddFile(GB): cumulative 0.000, interval 0.000
AddFile(Total Files): cumulative 0, interval 0
AddFile(L0 Files): cumulative 0, interval 0
AddFile(Keys): cumulative 0, interval 0
Cumulative compaction: 0.19 GB write, 44.69 MB/s write, 0.00 GB read, 0.00 MB/s read, 1.8 seconds
Interval compaction: 0.00 GB write, 0.00 MB/s write, 0.00 GB read, 0.00 MB/s read, 0.0 seconds
Stalls(count): 0 level0_slowdown, 0 level0_slowdown_with_compaction, 0 level0_numfiles, 0 level0_numfiles_with_compaction, 0 stop for pending_compaction_bytes, 0 slowdown for pending_compaction_bytes, 0 memtable_compaction, 0 memtable_slowdown, interval 0 total count

** File Read Latency Histogram By Level [usertable] **
2020/03/29-15:02:56.809292 7f80937200 (Original Log Time 2020/03/29-15:02:56.779818) [/db_impl_compaction_flush.cc:2536] [usertable] Moving #1524 to level-1 73644326 bytes
2020/03/29-15:02:56.809305 7f80937200 (Original Log Time 2020/03/29-15:02:56.809024) EVENT_LOG_v1 {"time_micros": 1585494176808998, "job": 3, "event": "trivial_move", "destination_level": 1, "files": 1, "total_files_size": 73644326}
2020/03/29-15:02:56.809310 7f80937200 (Original Log Time 2020/03/29-15:02:56.809054) [/db_impl_compaction_flush.cc:2565] [usertable] Moved #1 files to level-1 73644326 bytes OK: files[2 3 82 581 0 0 0] max score 1.00
2020/03/29-15:02:56.840267 7f80937200 (Original Log Time 2020/03/29-15:02:56.809514) [/db_impl_compaction_flush.cc:2536] [usertable] Moving #1496 to level-1 256748658 bytes
2020/03/29-15:02:56.840276 7f80937200 (Original Log Time 2020/03/29-15:02:56.840091) EVENT_LOG_v1 {"time_micros": 1585494176840078, "job": 4, "event": "trivial_move", "destination_level": 1, "files": 1, "total_files_size": 256748658}
2020/03/29-15:02:56.840280 7f80937200 (Original Log Time 2020/03/29-15:02:56.840108) [/db_impl_compaction_flush.cc:2565] [usertable] Moved #1 files to level-1 256748658 bytes OK: files[1 4 82 581 0 0 0] max score 1.22
2020/03/29-15:02:56.840778 7f80937200 [/compaction_job.cc:1645] [usertable] [JOB 5] Compacting 1@1 files to L2, score 1.22
2020/03/29-15:02:56.840826 7f80937200 [/compaction_job.cc:1649] [usertable] Compaction start summary: Base version 7 Base level 1, inputs: [1516(244MB)]
2020/03/29-15:02:56.840928 7f80937200 EVENT_LOG_v1 {"time_micros": 1585494176840854, "job": 5, "event": "compaction_started", "compaction_reason": "LevelMaxLevelSize", "files_L1": [1516], "score": 1.21978, "input_data_size": 256757010}
2020/03/29-15:02:58.493811 7f80937200 [/compaction_job.cc:1332] [usertable] [JOB 5] Generated table #1528: 16223 keys, 67326143 bytes
2020/03/29-15:02:58.494349 7f80937200 EVENT_LOG_v1 {"time_micros": 1585494178494322, "cf_name": "usertable", "job": 5, "event": "table_file_creation", "file_number": 1528, "file_size": 67326143, "table_properties": {"data_size": 67114551, "index_size": 597931, "filter_size": 0, "raw_key_size": 389352, "raw_average_key_size": 24, "raw_value_size": 66449408, "raw_average_value_size": 4096, "num_data_blocks": 16223, "num_entries": 16223, "filter_policy_name": ""}}
2020/03/29-15:03:00.130384 7f80937200 [/compaction_job.cc:1332] [usertable] [JOB 5] Generated table #1529: 16223 keys, 67326146 bytes
2020/03/29-15:03:00.130614 7f80937200 EVENT_LOG_v1 {"time_micros": 1585494180130563, "cf_name": "usertable", "job": 5, "event": "table_file_creation", "file_number": 1529, "file_size": 67326146, "table_properties": {"data_size": 67114551, "index_size": 597931, "filter_size": 0, "raw_key_size": 389352, "raw_average_key_size": 24, "raw_value_size": 66449408, "raw_average_value_size": 4096, "num_data_blocks": 16223, "num_entries": 16223, "filter_policy_name": ""}}
2020/03/29-15:03:01.661319 7f80937200 [/compaction_job.cc:1332] [usertable] [JOB 5] Generated table #1530: 16223 keys, 67326140 bytes
2020/03/29-15:03:01.661400 7f80937200 EVENT_LOG_v1 {"time_micros": 1585494181661382, "cf_name": "usertable", "job": 5, "event": "table_file_creation", "file_number": 1530, "file_size": 67326140, "table_properties": {"data_size": 67114551, "index_size": 597929, "filter_size": 0, "raw_key_size": 389352, "raw_average_key_size": 24, "raw_value_size": 66449408, "raw_average_value_size": 4096, "num_data_blocks": 16223, "num_entries": 16223, "filter_policy_name": ""}}
