2020/04/05-11:41:38.852944 7f68d3e200 RocksDB version: 6.1.2
2020/04/05-11:41:38.853101 7f68d3e200 Git sha rocksdb_build_git_sha:2b38e2dd6602a17a2010308580fd5d8c91dea650
2020/04/05-11:41:38.853108 7f68d3e200 Compile date Mar 25 2020
2020/04/05-11:41:38.853118 7f68d3e200 DB SUMMARY
2020/04/05-11:41:38.853168 7f68d3e200 SST files in /mnt/sda/mbwu-rocksdb-data dir, Total Num: 0, files: 
2020/04/05-11:41:38.853174 7f68d3e200 Write Ahead Log file in /mnt/sda/mbwu-rocksdb-data: 
2020/04/05-11:41:38.853180 7f68d3e200                         Options.error_if_exists: 0
2020/04/05-11:41:38.853183 7f68d3e200                       Options.create_if_missing: 1
2020/04/05-11:41:38.853187 7f68d3e200                         Options.paranoid_checks: 1
2020/04/05-11:41:38.853190 7f68d3e200                                     Options.env: 0x7f68a7b768
2020/04/05-11:41:38.853193 7f68d3e200                                Options.info_log: 0x7f1407cde0
2020/04/05-11:41:38.853195 7f68d3e200                Options.max_file_opening_threads: 16
2020/04/05-11:41:38.853198 7f68d3e200                              Options.statistics: (nil)
2020/04/05-11:41:38.853201 7f68d3e200                               Options.use_fsync: 0
2020/04/05-11:41:38.853204 7f68d3e200                       Options.max_log_file_size: 0
2020/04/05-11:41:38.853206 7f68d3e200                  Options.max_manifest_file_size: 1073741824
2020/04/05-11:41:38.853209 7f68d3e200                   Options.log_file_time_to_roll: 0
2020/04/05-11:41:38.853211 7f68d3e200                       Options.keep_log_file_num: 1000
2020/04/05-11:41:38.853214 7f68d3e200                    Options.recycle_log_file_num: 0
2020/04/05-11:41:38.853216 7f68d3e200                         Options.allow_fallocate: 1
2020/04/05-11:41:38.853219 7f68d3e200                        Options.allow_mmap_reads: 0
2020/04/05-11:41:38.853221 7f68d3e200                       Options.allow_mmap_writes: 0
2020/04/05-11:41:38.853224 7f68d3e200                        Options.use_direct_reads: 0
2020/04/05-11:41:38.853226 7f68d3e200                        Options.use_direct_io_for_flush_and_compaction: 0
2020/04/05-11:41:38.853229 7f68d3e200          Options.create_missing_column_families: 1
2020/04/05-11:41:38.853232 7f68d3e200                              Options.db_log_dir: 
2020/04/05-11:41:38.853234 7f68d3e200                                 Options.wal_dir: /mnt/sda/mbwu-rocksdb-data
2020/04/05-11:41:38.853237 7f68d3e200                Options.table_cache_numshardbits: 6
2020/04/05-11:41:38.853239 7f68d3e200                      Options.max_subcompactions: 1
2020/04/05-11:41:38.853242 7f68d3e200                  Options.max_background_flushes: 6
2020/04/05-11:41:38.853244 7f68d3e200                         Options.WAL_ttl_seconds: 0
2020/04/05-11:41:38.853247 7f68d3e200                       Options.WAL_size_limit_MB: 0
2020/04/05-11:41:38.853250 7f68d3e200             Options.manifest_preallocation_size: 4194304
2020/04/05-11:41:38.853253 7f68d3e200                     Options.is_fd_close_on_exec: 1
2020/04/05-11:41:38.853256 7f68d3e200                   Options.advise_random_on_open: 1
2020/04/05-11:41:38.853258 7f68d3e200                    Options.db_write_buffer_size: 0
2020/04/05-11:41:38.853261 7f68d3e200                    Options.write_buffer_manager: 0x7f1406c4b0
2020/04/05-11:41:38.853263 7f68d3e200         Options.access_hint_on_compaction_start: 1
2020/04/05-11:41:38.853266 7f68d3e200  Options.new_table_reader_for_compaction_inputs: 0
2020/04/05-11:41:38.853269 7f68d3e200           Options.random_access_max_buffer_size: 1048576
2020/04/05-11:41:38.853271 7f68d3e200                      Options.use_adaptive_mutex: 0
2020/04/05-11:41:38.853274 7f68d3e200                            Options.rate_limiter: (nil)
2020/04/05-11:41:38.853279 7f68d3e200     Options.sst_file_manager.rate_bytes_per_sec: 0
2020/04/05-11:41:38.853282 7f68d3e200                       Options.wal_recovery_mode: 2
2020/04/05-11:41:38.853285 7f68d3e200                  Options.enable_thread_tracking: 0
2020/04/05-11:41:38.853287 7f68d3e200                  Options.enable_pipelined_write: 0
2020/04/05-11:41:38.853290 7f68d3e200         Options.allow_concurrent_memtable_write: 1
2020/04/05-11:41:38.853307 7f68d3e200      Options.enable_write_thread_adaptive_yield: 1
2020/04/05-11:41:38.853311 7f68d3e200             Options.write_thread_max_yield_usec: 100
2020/04/05-11:41:38.853314 7f68d3e200            Options.write_thread_slow_yield_usec: 3
2020/04/05-11:41:38.853317 7f68d3e200                               Options.row_cache: None
2020/04/05-11:41:38.853320 7f68d3e200                              Options.wal_filter: None
2020/04/05-11:41:38.853323 7f68d3e200             Options.avoid_flush_during_recovery: 0
2020/04/05-11:41:38.853325 7f68d3e200             Options.allow_ingest_behind: 0
2020/04/05-11:41:38.853328 7f68d3e200             Options.preserve_deletes: 0
2020/04/05-11:41:38.853330 7f68d3e200             Options.two_write_queues: 0
2020/04/05-11:41:38.853333 7f68d3e200             Options.manual_wal_flush: 0
2020/04/05-11:41:38.853335 7f68d3e200             Options.atomic_flush: 0
2020/04/05-11:41:38.853338 7f68d3e200             Options.avoid_unnecessary_blocking_io: 0
2020/04/05-11:41:38.853343 7f68d3e200             Options.max_background_jobs: 6
2020/04/05-11:41:38.853345 7f68d3e200             Options.max_background_compactions: 6
2020/04/05-11:41:38.853348 7f68d3e200             Options.avoid_flush_during_shutdown: 0
2020/04/05-11:41:38.853351 7f68d3e200           Options.writable_file_max_buffer_size: 1048576
2020/04/05-11:41:38.853354 7f68d3e200             Options.delayed_write_rate : 16777216
2020/04/05-11:41:38.853356 7f68d3e200             Options.max_total_wal_size: 0
2020/04/05-11:41:38.853359 7f68d3e200             Options.delete_obsolete_files_period_micros: 21600000000
2020/04/05-11:41:38.853361 7f68d3e200                   Options.stats_dump_period_sec: 600
2020/04/05-11:41:38.853364 7f68d3e200                 Options.stats_persist_period_sec: 600
2020/04/05-11:41:38.853367 7f68d3e200                 Options.stats_history_buffer_size: 1048576
2020/04/05-11:41:38.853369 7f68d3e200                          Options.max_open_files: -1
2020/04/05-11:41:38.853372 7f68d3e200                          Options.bytes_per_sync: 1048576
2020/04/05-11:41:38.853375 7f68d3e200                      Options.wal_bytes_per_sync: 0
2020/04/05-11:41:38.853377 7f68d3e200       Options.compaction_readahead_size: 0
2020/04/05-11:41:38.853379 7f68d3e200 Compression algorithms supported:
2020/04/05-11:41:38.853383 7f68d3e200 	kZSTDNotFinalCompression supported: 1
2020/04/05-11:41:38.853414 7f68d3e200 	kZSTD supported: 1
2020/04/05-11:41:38.853419 7f68d3e200 	kXpressCompression supported: 0
2020/04/05-11:41:38.853422 7f68d3e200 	kLZ4HCCompression supported: 1
2020/04/05-11:41:38.853425 7f68d3e200 	kLZ4Compression supported: 1
2020/04/05-11:41:38.853428 7f68d3e200 	kBZip2Compression supported: 1
2020/04/05-11:41:38.853431 7f68d3e200 	kZlibCompression supported: 1
2020/04/05-11:41:38.853433 7f68d3e200 	kSnappyCompression supported: 1
2020/04/05-11:41:38.853441 7f68d3e200 Fast CRC32 supported: Not supported on x86
2020/04/05-11:41:38.853625 7f68d3e200 [/db_impl_open.cc:228] Creating manifest 1 
2020/04/05-11:41:38.955929 7f68d3e200 [/version_set.cc:3543] Recovering from manifest file: /mnt/sda/mbwu-rocksdb-data/MANIFEST-000001
2020/04/05-11:41:38.956344 7f68d3e200 [/column_family.cc:477] --------------- Options for column family [default]:
2020/04/05-11:41:38.956359 7f68d3e200               Options.comparator: leveldb.BytewiseComparator
2020/04/05-11:41:38.956366 7f68d3e200           Options.merge_operator: None
2020/04/05-11:41:38.956373 7f68d3e200        Options.compaction_filter: None
2020/04/05-11:41:38.956379 7f68d3e200        Options.compaction_filter_factory: None
2020/04/05-11:41:38.956384 7f68d3e200         Options.memtable_factory: SkipListFactory
2020/04/05-11:41:38.956391 7f68d3e200            Options.table_factory: BlockBasedTable
2020/04/05-11:41:38.956499 7f68d3e200            table_factory options:   flush_block_policy_factory: FlushBlockBySizePolicyFactory (0x7f14074380)
  cache_index_and_filter_blocks: 0
  cache_index_and_filter_blocks_with_high_priority: 0
  pin_l0_filter_and_index_blocks_in_cache: 0
  pin_top_level_index_and_filter: 1
  index_type: 0
  data_block_index_type: 0
  data_block_hash_table_util_ratio: 0.750000
  hash_index_allow_collision: 1
  checksum: 1
  no_block_cache: 0
  block_cache: 0x7f14074490
  block_cache_name: LRUCache
  block_cache_options:
    capacity : 8388608
    num_shard_bits : 4
    strict_capacity_limit : 0
    memory_allocator : None
    high_pri_pool_ratio: 0.000
  block_cache_compressed: (nil)
  persistent_cache: (nil)
  block_size: 4096
  block_size_deviation: 10
  block_restart_interval: 16
  index_block_restart_interval: 1
  metadata_block_size: 4096
  partition_filters: 0
  use_delta_encoding: 1
  filter_policy: nullptr
  whole_key_filtering: 1
  verify_compression: 0
  read_amp_bytes_per_bit: 0
  format_version: 2
  enable_index_compression: 1
  block_align: 0
2020/04/05-11:41:38.956579 7f68d3e200        Options.write_buffer_size: 134217728
2020/04/05-11:41:38.956587 7f68d3e200  Options.max_write_buffer_number: 6
2020/04/05-11:41:38.956594 7f68d3e200        Options.compression[0]: NoCompression
2020/04/05-11:41:38.956601 7f68d3e200        Options.compression[1]: NoCompression
2020/04/05-11:41:38.956607 7f68d3e200        Options.compression[2]: Snappy
2020/04/05-11:41:38.956612 7f68d3e200        Options.compression[3]: Snappy
2020/04/05-11:41:38.956618 7f68d3e200        Options.compression[4]: Snappy
2020/04/05-11:41:38.956624 7f68d3e200        Options.compression[5]: Snappy
2020/04/05-11:41:38.956630 7f68d3e200        Options.compression[6]: Snappy
2020/04/05-11:41:38.956636 7f68d3e200                  Options.bottommost_compression: Disabled
2020/04/05-11:41:38.956642 7f68d3e200       Options.prefix_extractor: nullptr
2020/04/05-11:41:38.956647 7f68d3e200   Options.memtable_insert_with_hint_prefix_extractor: nullptr
2020/04/05-11:41:38.956654 7f68d3e200             Options.num_levels: 7
2020/04/05-11:41:38.956659 7f68d3e200        Options.min_write_buffer_number_to_merge: 2
2020/04/05-11:41:38.956665 7f68d3e200     Options.max_write_buffer_number_to_maintain: 0
2020/04/05-11:41:38.956671 7f68d3e200            Options.bottommost_compression_opts.window_bits: -14
2020/04/05-11:41:38.956676 7f68d3e200                  Options.bottommost_compression_opts.level: 32767
2020/04/05-11:41:38.956682 7f68d3e200               Options.bottommost_compression_opts.strategy: 0
2020/04/05-11:41:38.956688 7f68d3e200         Options.bottommost_compression_opts.max_dict_bytes: 0
2020/04/05-11:41:38.956693 7f68d3e200         Options.bottommost_compression_opts.zstd_max_train_bytes: 0
2020/04/05-11:41:38.956699 7f68d3e200                  Options.bottommost_compression_opts.enabled: false
2020/04/05-11:41:38.956705 7f68d3e200            Options.compression_opts.window_bits: -14
2020/04/05-11:41:38.956711 7f68d3e200                  Options.compression_opts.level: 32767
2020/04/05-11:41:38.956717 7f68d3e200               Options.compression_opts.strategy: 0
2020/04/05-11:41:38.956722 7f68d3e200         Options.compression_opts.max_dict_bytes: 0
2020/04/05-11:41:38.956728 7f68d3e200         Options.compression_opts.zstd_max_train_bytes: 0
2020/04/05-11:41:38.956733 7f68d3e200                  Options.compression_opts.enabled: false
2020/04/05-11:41:38.956739 7f68d3e200      Options.level0_file_num_compaction_trigger: 2
2020/04/05-11:41:38.956745 7f68d3e200          Options.level0_slowdown_writes_trigger: 20
2020/04/05-11:41:38.956750 7f68d3e200              Options.level0_stop_writes_trigger: 36
2020/04/05-11:41:38.956756 7f68d3e200                   Options.target_file_size_base: 67108864
2020/04/05-11:41:38.956762 7f68d3e200             Options.target_file_size_multiplier: 1
2020/04/05-11:41:38.956767 7f68d3e200                Options.max_bytes_for_level_base: 536870912
2020/04/05-11:41:38.956773 7f68d3e200 Options.level_compaction_dynamic_level_bytes: 0
2020/04/05-11:41:38.956779 7f68d3e200          Options.max_bytes_for_level_multiplier: 10.000000
2020/04/05-11:41:38.956790 7f68d3e200 Options.max_bytes_for_level_multiplier_addtl[0]: 1
2020/04/05-11:41:38.956817 7f68d3e200 Options.max_bytes_for_level_multiplier_addtl[1]: 1
2020/04/05-11:41:38.956824 7f68d3e200 Options.max_bytes_for_level_multiplier_addtl[2]: 1
2020/04/05-11:41:38.956830 7f68d3e200 Options.max_bytes_for_level_multiplier_addtl[3]: 1
2020/04/05-11:41:38.956836 7f68d3e200 Options.max_bytes_for_level_multiplier_addtl[4]: 1
2020/04/05-11:41:38.956842 7f68d3e200 Options.max_bytes_for_level_multiplier_addtl[5]: 1
2020/04/05-11:41:38.956848 7f68d3e200 Options.max_bytes_for_level_multiplier_addtl[6]: 1
2020/04/05-11:41:38.956853 7f68d3e200       Options.max_sequential_skip_in_iterations: 8
2020/04/05-11:41:38.956859 7f68d3e200                    Options.max_compaction_bytes: 1677721600
2020/04/05-11:41:38.956865 7f68d3e200                        Options.arena_block_size: 16777216
2020/04/05-11:41:38.956871 7f68d3e200   Options.soft_pending_compaction_bytes_limit: 68719476736
2020/04/05-11:41:38.956877 7f68d3e200   Options.hard_pending_compaction_bytes_limit: 274877906944
2020/04/05-11:41:38.956883 7f68d3e200       Options.rate_limit_delay_max_milliseconds: 100
2020/04/05-11:41:38.956888 7f68d3e200                Options.disable_auto_compactions: 0
2020/04/05-11:41:38.956896 7f68d3e200                        Options.compaction_style: kCompactionStyleLevel
2020/04/05-11:41:38.956904 7f68d3e200                          Options.compaction_pri: kMinOverlappingRatio
2020/04/05-11:41:38.956910 7f68d3e200 Options.compaction_options_universal.size_ratio: 1
2020/04/05-11:41:38.956916 7f68d3e200 Options.compaction_options_universal.min_merge_width: 2
2020/04/05-11:41:38.956921 7f68d3e200 Options.compaction_options_universal.max_merge_width: 4294967295
2020/04/05-11:41:38.956927 7f68d3e200 Options.compaction_options_universal.max_size_amplification_percent: 200
2020/04/05-11:41:38.956933 7f68d3e200 Options.compaction_options_universal.compression_size_percent: -1
2020/04/05-11:41:38.956941 7f68d3e200 Options.compaction_options_universal.stop_style: kCompactionStopStyleTotalSize
2020/04/05-11:41:38.956946 7f68d3e200 Options.compaction_options_fifo.max_table_files_size: 1073741824
2020/04/05-11:41:38.956952 7f68d3e200 Options.compaction_options_fifo.allow_compaction: 0
2020/04/05-11:41:38.956958 7f68d3e200                   Options.table_properties_collectors: 
2020/04/05-11:41:38.956964 7f68d3e200                   Options.inplace_update_support: 0
2020/04/05-11:41:38.956970 7f68d3e200                 Options.inplace_update_num_locks: 10000
2020/04/05-11:41:38.956976 7f68d3e200               Options.memtable_prefix_bloom_size_ratio: 0.000000
2020/04/05-11:41:38.956983 7f68d3e200               Options.memtable_whole_key_filtering: 0
2020/04/05-11:41:38.956988 7f68d3e200   Options.memtable_huge_page_size: 0
2020/04/05-11:41:38.956994 7f68d3e200                           Options.bloom_locality: 0
2020/04/05-11:41:38.957000 7f68d3e200                    Options.max_successive_merges: 0
2020/04/05-11:41:38.957006 7f68d3e200                Options.optimize_filters_for_hits: 0
2020/04/05-11:41:38.957011 7f68d3e200                Options.paranoid_file_checks: 0
2020/04/05-11:41:38.957017 7f68d3e200                Options.force_consistency_checks: 0
2020/04/05-11:41:38.957022 7f68d3e200                Options.report_bg_io_stats: 0
2020/04/05-11:41:38.957028 7f68d3e200                               Options.ttl: 0
2020/04/05-11:41:38.958705 7f68d3e200 [/version_set.cc:3757] Recovered from manifest file:/mnt/sda/mbwu-rocksdb-data/MANIFEST-000001 succeeded,manifest_file_number is 1, next_file_number is 3, last_sequence is 0, log_number is 0,prev_log_number is 0,max_column_family is 0,min_log_number_to_keep is 0
2020/04/05-11:41:38.958730 7f68d3e200 [/version_set.cc:3766] Column family [default] (ID 0), log number is 0
2020/04/05-11:41:38.959228 7f68d3e200 [/version_set.cc:3036] Creating manifest 4
2020/04/05-11:41:39.032309 7f68d3e200 [/column_family.cc:477] --------------- Options for column family [usertable]:
2020/04/05-11:41:39.032352 7f68d3e200               Options.comparator: leveldb.BytewiseComparator
2020/04/05-11:41:39.032359 7f68d3e200           Options.merge_operator: None
2020/04/05-11:41:39.032365 7f68d3e200        Options.compaction_filter: None
2020/04/05-11:41:39.032371 7f68d3e200        Options.compaction_filter_factory: None
2020/04/05-11:41:39.032377 7f68d3e200         Options.memtable_factory: SkipListFactory
2020/04/05-11:41:39.032383 7f68d3e200            Options.table_factory: BlockBasedTable
2020/04/05-11:41:39.032484 7f68d3e200            table_factory options:   flush_block_policy_factory: FlushBlockBySizePolicyFactory (0x7f1406b8d0)
  cache_index_and_filter_blocks: 0
  cache_index_and_filter_blocks_with_high_priority: 0
  pin_l0_filter_and_index_blocks_in_cache: 0
  pin_top_level_index_and_filter: 1
  index_type: 0
  data_block_index_type: 0
  data_block_hash_table_util_ratio: 0.750000
  hash_index_allow_collision: 1
  checksum: 1
  no_block_cache: 0
  block_cache: 0x7f1406cc30
  block_cache_name: LRUCache
  block_cache_options:
    capacity : 8388608
    num_shard_bits : 4
    strict_capacity_limit : 0
    memory_allocator : None
    high_pri_pool_ratio: 0.000
  block_cache_compressed: (nil)
  persistent_cache: (nil)
  block_size: 4096
  block_size_deviation: 10
  block_restart_interval: 16
  index_block_restart_interval: 1
  metadata_block_size: 4096
  partition_filters: 0
  use_delta_encoding: 1
  filter_policy: nullptr
  whole_key_filtering: 1
  verify_compression: 0
  read_amp_bytes_per_bit: 0
  format_version: 2
  enable_index_compression: 1
  block_align: 0
2020/04/05-11:41:39.032493 7f68d3e200        Options.write_buffer_size: 134217728
2020/04/05-11:41:39.032499 7f68d3e200  Options.max_write_buffer_number: 6
2020/04/05-11:41:39.032506 7f68d3e200        Options.compression[0]: NoCompression
2020/04/05-11:41:39.032513 7f68d3e200        Options.compression[1]: NoCompression
2020/04/05-11:41:39.032519 7f68d3e200        Options.compression[2]: Snappy
2020/04/05-11:41:39.032525 7f68d3e200        Options.compression[3]: Snappy
2020/04/05-11:41:39.032531 7f68d3e200        Options.compression[4]: Snappy
2020/04/05-11:41:39.032537 7f68d3e200        Options.compression[5]: Snappy
2020/04/05-11:41:39.032543 7f68d3e200        Options.compression[6]: Snappy
2020/04/05-11:41:39.032549 7f68d3e200                  Options.bottommost_compression: Disabled
2020/04/05-11:41:39.032555 7f68d3e200       Options.prefix_extractor: nullptr
2020/04/05-11:41:39.032561 7f68d3e200   Options.memtable_insert_with_hint_prefix_extractor: nullptr
2020/04/05-11:41:39.032567 7f68d3e200             Options.num_levels: 7
2020/04/05-11:41:39.032573 7f68d3e200        Options.min_write_buffer_number_to_merge: 2
2020/04/05-11:41:39.032579 7f68d3e200     Options.max_write_buffer_number_to_maintain: 0
2020/04/05-11:41:39.032584 7f68d3e200            Options.bottommost_compression_opts.window_bits: -14
2020/04/05-11:41:39.032590 7f68d3e200                  Options.bottommost_compression_opts.level: 32767
2020/04/05-11:41:39.032596 7f68d3e200               Options.bottommost_compression_opts.strategy: 0
2020/04/05-11:41:39.032602 7f68d3e200         Options.bottommost_compression_opts.max_dict_bytes: 0
2020/04/05-11:41:39.032608 7f68d3e200         Options.bottommost_compression_opts.zstd_max_train_bytes: 0
2020/04/05-11:41:39.032614 7f68d3e200                  Options.bottommost_compression_opts.enabled: false
2020/04/05-11:41:39.032619 7f68d3e200            Options.compression_opts.window_bits: -14
2020/04/05-11:41:39.032625 7f68d3e200                  Options.compression_opts.level: 32767
2020/04/05-11:41:39.032631 7f68d3e200               Options.compression_opts.strategy: 0
2020/04/05-11:41:39.032637 7f68d3e200         Options.compression_opts.max_dict_bytes: 0
2020/04/05-11:41:39.032643 7f68d3e200         Options.compression_opts.zstd_max_train_bytes: 0
2020/04/05-11:41:39.032649 7f68d3e200                  Options.compression_opts.enabled: false
2020/04/05-11:41:39.032705 7f68d3e200      Options.level0_file_num_compaction_trigger: 2
2020/04/05-11:41:39.032713 7f68d3e200          Options.level0_slowdown_writes_trigger: 20
2020/04/05-11:41:39.032719 7f68d3e200              Options.level0_stop_writes_trigger: 36
2020/04/05-11:41:39.032725 7f68d3e200                   Options.target_file_size_base: 67108864
2020/04/05-11:41:39.032731 7f68d3e200             Options.target_file_size_multiplier: 1
2020/04/05-11:41:39.032737 7f68d3e200                Options.max_bytes_for_level_base: 536870912
2020/04/05-11:41:39.032742 7f68d3e200 Options.level_compaction_dynamic_level_bytes: 0
2020/04/05-11:41:39.032748 7f68d3e200          Options.max_bytes_for_level_multiplier: 10.000000
2020/04/05-11:41:39.032759 7f68d3e200 Options.max_bytes_for_level_multiplier_addtl[0]: 1
2020/04/05-11:41:39.032766 7f68d3e200 Options.max_bytes_for_level_multiplier_addtl[1]: 1
2020/04/05-11:41:39.032772 7f68d3e200 Options.max_bytes_for_level_multiplier_addtl[2]: 1
2020/04/05-11:41:39.032778 7f68d3e200 Options.max_bytes_for_level_multiplier_addtl[3]: 1
2020/04/05-11:41:39.032784 7f68d3e200 Options.max_bytes_for_level_multiplier_addtl[4]: 1
2020/04/05-11:41:39.032789 7f68d3e200 Options.max_bytes_for_level_multiplier_addtl[5]: 1
2020/04/05-11:41:39.032795 7f68d3e200 Options.max_bytes_for_level_multiplier_addtl[6]: 1
2020/04/05-11:41:39.032801 7f68d3e200       Options.max_sequential_skip_in_iterations: 8
2020/04/05-11:41:39.032807 7f68d3e200                    Options.max_compaction_bytes: 1677721600
2020/04/05-11:41:39.032812 7f68d3e200                        Options.arena_block_size: 16777216
2020/04/05-11:41:39.032818 7f68d3e200   Options.soft_pending_compaction_bytes_limit: 68719476736
2020/04/05-11:41:39.032824 7f68d3e200   Options.hard_pending_compaction_bytes_limit: 274877906944
2020/04/05-11:41:39.032830 7f68d3e200       Options.rate_limit_delay_max_milliseconds: 100
2020/04/05-11:41:39.032836 7f68d3e200                Options.disable_auto_compactions: 0
2020/04/05-11:41:39.032844 7f68d3e200                        Options.compaction_style: kCompactionStyleLevel
2020/04/05-11:41:39.032852 7f68d3e200                          Options.compaction_pri: kMinOverlappingRatio
2020/04/05-11:41:39.032858 7f68d3e200 Options.compaction_options_universal.size_ratio: 1
2020/04/05-11:41:39.032864 7f68d3e200 Options.compaction_options_universal.min_merge_width: 2
2020/04/05-11:41:39.032870 7f68d3e200 Options.compaction_options_universal.max_merge_width: 4294967295
2020/04/05-11:41:39.032876 7f68d3e200 Options.compaction_options_universal.max_size_amplification_percent: 200
2020/04/05-11:41:39.032882 7f68d3e200 Options.compaction_options_universal.compression_size_percent: -1
2020/04/05-11:41:39.032889 7f68d3e200 Options.compaction_options_universal.stop_style: kCompactionStopStyleTotalSize
2020/04/05-11:41:39.032895 7f68d3e200 Options.compaction_options_fifo.max_table_files_size: 1073741824
2020/04/05-11:41:39.032901 7f68d3e200 Options.compaction_options_fifo.allow_compaction: 0
2020/04/05-11:41:39.032907 7f68d3e200                   Options.table_properties_collectors: 
2020/04/05-11:41:39.032913 7f68d3e200                   Options.inplace_update_support: 0
2020/04/05-11:41:39.032919 7f68d3e200                 Options.inplace_update_num_locks: 10000
2020/04/05-11:41:39.032924 7f68d3e200               Options.memtable_prefix_bloom_size_ratio: 0.000000
2020/04/05-11:41:39.032931 7f68d3e200               Options.memtable_whole_key_filtering: 0
2020/04/05-11:41:39.032937 7f68d3e200   Options.memtable_huge_page_size: 0
2020/04/05-11:41:39.032943 7f68d3e200                           Options.bloom_locality: 0
2020/04/05-11:41:39.032949 7f68d3e200                    Options.max_successive_merges: 0
2020/04/05-11:41:39.032954 7f68d3e200                Options.optimize_filters_for_hits: 0
2020/04/05-11:41:39.032960 7f68d3e200                Options.paranoid_file_checks: 0
2020/04/05-11:41:39.032966 7f68d3e200                Options.force_consistency_checks: 0
2020/04/05-11:41:39.032971 7f68d3e200                Options.report_bg_io_stats: 0
2020/04/05-11:41:39.032996 7f68d3e200                               Options.ttl: 0
2020/04/05-11:41:39.033297 7f68d3e200 [/db_impl.cc:1806] Created column family [usertable] (ID 1)
2020/04/05-11:41:39.125608 7f68d3e200 DB pointer 0x7f1407bba0
2020/04/05-11:41:39.129695 7ed27ff200 [/db_impl.cc:777] ------- DUMPING STATS -------
2020/04/05-11:41:39.129893 7ed27ff200 [/db_impl.cc:778] 
** DB Stats **
Uptime(secs): 0.2 total, 0.2 interval
Cumulative writes: 0 writes, 0 keys, 0 commit groups, 0.0 writes per commit group, ingest: 0.00 GB, 0.00 MB/s
Cumulative WAL: 0 writes, 0 syncs, 0.00 writes per sync, written: 0.00 GB, 0.00 MB/s
Cumulative stall: 00:00:0.000 H:M:S, 0.0 percent
Interval writes: 0 writes, 0 keys, 0 commit groups, 0.0 writes per commit group, ingest: 0.00 MB, 0.00 MB/s
Interval WAL: 0 writes, 0 syncs, 0.00 writes per sync, written: 0.00 MB, 0.00 MB/s
Interval stall: 00:00:0.000 H:M:S, 0.0 percent

** Compaction Stats [default] **
Level    Files   Size     Score Read(GB)  Rn(GB) Rnp1(GB) Write(GB) Wnew(GB) Moved(GB) W-Amp Rd(MB/s) Wr(MB/s) Comp(sec) CompMergeCPU(sec) Comp(cnt) Avg(sec) KeyIn KeyDrop
----------------------------------------------------------------------------------------------------------------------------------------------------------------------------
 Sum      0/0    0.00 KB   0.0      0.0     0.0      0.0       0.0      0.0       0.0   0.0      0.0      0.0      0.00              0.00         0    0.000       0      0
 Int      0/0    0.00 KB   0.0      0.0     0.0      0.0       0.0      0.0       0.0   0.0      0.0      0.0      0.00              0.00         0    0.000       0      0

** Compaction Stats [default] **
Priority    Files   Size     Score Read(GB)  Rn(GB) Rnp1(GB) Write(GB) Wnew(GB) Moved(GB) W-Amp Rd(MB/s) Wr(MB/s) Comp(sec) CompMergeCPU(sec) Comp(cnt) Avg(sec) KeyIn KeyDrop
-------------------------------------------------------------------------------------------------------------------------------------------------------------------------------
Uptime(secs): 0.2 total, 0.2 interval
Flush(GB): cumulative 0.000, interval 0.000
AddFile(GB): cumulative 0.000, interval 0.000
AddFile(Total Files): cumulative 0, interval 0
AddFile(L0 Files): cumulative 0, interval 0
AddFile(Keys): cumulative 0, interval 0
Cumulative compaction: 0.00 GB write, 0.00 MB/s write, 0.00 GB read, 0.00 MB/s read, 0.0 seconds
Interval compaction: 0.00 GB write, 0.00 MB/s write, 0.00 GB read, 0.00 MB/s read, 0.0 seconds
Stalls(count): 0 level0_slowdown, 0 level0_slowdown_with_compaction, 0 level0_numfiles, 0 level0_numfiles_with_compaction, 0 stop for pending_compaction_bytes, 0 slowdown for pending_compaction_bytes, 0 memtable_compaction, 0 memtable_slowdown, interval 0 total count

** File Read Latency Histogram By Level [default] **

** Compaction Stats [usertable] **
Level    Files   Size     Score Read(GB)  Rn(GB) Rnp1(GB) Write(GB) Wnew(GB) Moved(GB) W-Amp Rd(MB/s) Wr(MB/s) Comp(sec) CompMergeCPU(sec) Comp(cnt) Avg(sec) KeyIn KeyDrop
----------------------------------------------------------------------------------------------------------------------------------------------------------------------------
 Sum      0/0    0.00 KB   0.0      0.0     0.0      0.0       0.0      0.0       0.0   0.0      0.0      0.0      0.00              0.00         0    0.000       0      0
 Int      0/0    0.00 KB   0.0      0.0     0.0      0.0       0.0      0.0       0.0   0.0      0.0      0.0      0.00              0.00         0    0.000       0      0

** Compaction Stats [usertable] **
Priority    Files   Size     Score Read(GB)  Rn(GB) Rnp1(GB) Write(GB) Wnew(GB) Moved(GB) W-Amp Rd(MB/s) Wr(MB/s) Comp(sec) CompMergeCPU(sec) Comp(cnt) Avg(sec) KeyIn KeyDrop
-------------------------------------------------------------------------------------------------------------------------------------------------------------------------------
Uptime(secs): 0.1 total, 0.1 interval
Flush(GB): cumulative 0.000, interval 0.000
AddFile(GB): cumulative 0.000, interval 0.000
AddFile(Total Files): cumulative 0, interval 0
AddFile(L0 Files): cumulative 0, interval 0
AddFile(Keys): cumulative 0, interval 0
Cumulative compaction: 0.00 GB write, 0.00 MB/s write, 0.00 GB read, 0.00 MB/s read, 0.0 seconds
Interval compaction: 0.00 GB write, 0.00 MB/s write, 0.00 GB read, 0.00 MB/s read, 0.0 seconds
Stalls(count): 0 level0_slowdown, 0 level0_slowdown_with_compaction, 0 level0_numfiles, 0 level0_numfiles_with_compaction, 0 stop for pending_compaction_bytes, 0 slowdown for pending_compaction_bytes, 0 memtable_compaction, 0 memtable_slowdown, interval 0 total count

** File Read Latency Histogram By Level [usertable] **

** Compaction Stats [default] **
Level    Files   Size     Score Read(GB)  Rn(GB) Rnp1(GB) Write(GB) Wnew(GB) Moved(GB) W-Amp Rd(MB/s) Wr(MB/s) Comp(sec) CompMergeCPU(sec) Comp(cnt) Avg(sec) KeyIn KeyDrop
----------------------------------------------------------------------------------------------------------------------------------------------------------------------------
 Sum      0/0    0.00 KB   0.0      0.0     0.0      0.0       0.0      0.0       0.0   0.0      0.0      0.0      0.00              0.00         0    0.000       0      0
 Int      0/0    0.00 KB   0.0      0.0     0.0      0.0       0.0      0.0       0.0   0.0      0.0      0.0      0.00              0.00         0    0.000       0      0

** Compaction Stats [default] **
Priority    Files   Size     Score Read(GB)  Rn(GB) Rnp1(GB) Write(GB) Wnew(GB) Moved(GB) W-Amp Rd(MB/s) Wr(MB/s) Comp(sec) CompMergeCPU(sec) Comp(cnt) Avg(sec) KeyIn KeyDrop
-------------------------------------------------------------------------------------------------------------------------------------------------------------------------------
Uptime(secs): 0.2 total, 0.0 interval
Flush(GB): cumulative 0.000, interval 0.000
AddFile(GB): cumulative 0.000, interval 0.000
AddFile(Total Files): cumulative 0, interval 0
AddFile(L0 Files): cumulative 0, interval 0
AddFile(Keys): cumulative 0, interval 0
Cumulative compaction: 0.00 GB write, 0.00 MB/s write, 0.00 GB read, 0.00 MB/s read, 0.0 seconds
Interval compaction: 0.00 GB write, 0.00 MB/s write, 0.00 GB read, 0.00 MB/s read, 0.0 seconds
Stalls(count): 0 level0_slowdown, 0 level0_slowdown_with_compaction, 0 level0_numfiles, 0 level0_numfiles_with_compaction, 0 stop for pending_compaction_bytes, 0 slowdown for pending_compaction_bytes, 0 memtable_compaction, 0 memtable_slowdown, interval 0 total count

** File Read Latency Histogram By Level [default] **

** Compaction Stats [usertable] **
Level    Files   Size     Score Read(GB)  Rn(GB) Rnp1(GB) Write(GB) Wnew(GB) Moved(GB) W-Amp Rd(MB/s) Wr(MB/s) Comp(sec) CompMergeCPU(sec) Comp(cnt) Avg(sec) KeyIn KeyDrop
----------------------------------------------------------------------------------------------------------------------------------------------------------------------------
 Sum      0/0    0.00 KB   0.0      0.0     0.0      0.0       0.0      0.0       0.0   0.0      0.0      0.0      0.00              0.00         0    0.000       0      0
 Int      0/0    0.00 KB   0.0      0.0     0.0      0.0       0.0      0.0       0.0   0.0      0.0      0.0      0.00              0.00         0    0.000       0      0

** Compaction Stats [usertable] **
Priority    Files   Size     Score Read(GB)  Rn(GB) Rnp1(GB) Write(GB) Wnew(GB) Moved(GB) W-Amp Rd(MB/s) Wr(MB/s) Comp(sec) CompMergeCPU(sec) Comp(cnt) Avg(sec) KeyIn KeyDrop
-------------------------------------------------------------------------------------------------------------------------------------------------------------------------------
Uptime(secs): 0.1 total, 0.0 interval
Flush(GB): cumulative 0.000, interval 0.000
AddFile(GB): cumulative 0.000, interval 0.000
AddFile(Total Files): cumulative 0, interval 0
AddFile(L0 Files): cumulative 0, interval 0
AddFile(Keys): cumulative 0, interval 0
Cumulative compaction: 0.00 GB write, 0.00 MB/s write, 0.00 GB read, 0.00 MB/s read, 0.0 seconds
Interval compaction: 0.00 GB write, 0.00 MB/s write, 0.00 GB read, 0.00 MB/s read, 0.0 seconds
Stalls(count): 0 level0_slowdown, 0 level0_slowdown_with_compaction, 0 level0_numfiles, 0 level0_numfiles_with_compaction, 0 stop for pending_compaction_bytes, 0 slowdown for pending_compaction_bytes, 0 memtable_compaction, 0 memtable_slowdown, interval 0 total count

** File Read Latency Histogram By Level [usertable] **
2020/04/05-11:42:40.963055 7f68442200 [/db_impl_write.cc:1470] [usertable] New memtable created with log file: #9. Immutable memtables: 0.
2020/04/05-11:43:41.059433 7f68442200 [/db_impl_write.cc:1470] [usertable] New memtable created with log file: #10. Immutable memtables: 1.
2020/04/05-11:43:41.061180 7ef2fff200 [/db_impl_compaction_flush.cc:108] [JOB 8] Syncing log #3
2020/04/05-11:43:41.061533 7ef2fff200 [/db_impl_compaction_flush.cc:108] [JOB 8] Syncing log #9
2020/04/05-11:43:41.353785 7ef2fff200 (Original Log Time 2020/04/05-11:43:41.060965) [/db_impl_compaction_flush.cc:2073] Calling FlushMemTableToOutputFile with column family [usertable], flush slots available 6, compaction slots available 1, flush slots scheduled 6, compaction slots scheduled 0
2020/04/05-11:43:41.353828 7ef2fff200 [/flush_job.cc:322] [usertable] [JOB 8] Flushing memtable with next log file: 9
2020/04/05-11:43:41.353865 7ef2fff200 [/flush_job.cc:322] [usertable] [JOB 8] Flushing memtable with next log file: 10
2020/04/05-11:43:41.353988 7ef2fff200 EVENT_LOG_v1 {"time_micros": 1586087021353940, "job": 8, "event": "flush_started", "num_memtables": 2, "num_entries": 61547, "num_deletes": 0, "total_data_size": 253758281, "memory_usage": 260262576, "flush_reason": "Write Buffer Full"}
2020/04/05-11:43:41.354009 7ef2fff200 [/flush_job.cc:351] [usertable] [JOB 8] Level-0 flush table #11: started
2020/04/05-11:43:44.590661 7ef2fff200 EVENT_LOG_v1 {"time_micros": 1586087024590636, "cf_name": "usertable", "job": 8, "event": "table_file_creation", "file_number": 11, "file_size": 256890576, "table_properties": {"data_size": 254619939, "index_size": 2269885, "filter_size": 0, "raw_key_size": 1477128, "raw_average_key_size": 24, "raw_value_size": 252096512, "raw_average_value_size": 4096, "num_data_blocks": 61547, "num_entries": 61547, "filter_policy_name": ""}}
2020/04/05-11:43:44.590751 7ef2fff200 [/flush_job.cc:392] [usertable] [JOB 8] Level-0 flush table #11: 256890576 bytes OK
2020/04/05-11:43:44.619529 7ef2fff200 (Original Log Time 2020/04/05-11:43:44.590792) [/memtable_list.cc:380] [usertable] Level-0 commit table #11 started
2020/04/05-11:43:44.619539 7ef2fff200 (Original Log Time 2020/04/05-11:43:44.619216) [/memtable_list.cc:428] [usertable] Level-0 commit table #11: memtable #1 done
2020/04/05-11:43:44.619544 7ef2fff200 (Original Log Time 2020/04/05-11:43:44.619238) [/memtable_list.cc:428] [usertable] Level-0 commit table #11: memtable #2 done
2020/04/05-11:43:44.619547 7ef2fff200 (Original Log Time 2020/04/05-11:43:44.619296) EVENT_LOG_v1 {"time_micros": 1586087024619276, "job": 8, "event": "flush_finished", "output_compression": "NoCompression", "lsm_state": [1, 0, 0, 0, 0, 0, 0], "immutable_memtables": 0}
2020/04/05-11:43:44.619552 7ef2fff200 (Original Log Time 2020/04/05-11:43:44.619384) [/db_impl_compaction_flush.cc:201] [usertable] Level summary: files[1 0 0 0 0 0 0] max score 0.50
2020/04/05-11:43:44.619578 7ef2fff200 [/db_impl_files.cc:356] [JOB 8] Try to delete WAL files size 253529531, prev total WAL file size 261204014, number of live WAL files 3.
2020/04/05-11:44:42.483395 7f583fe200 [/db_impl_write.cc:1470] [usertable] New memtable created with log file: #12. Immutable memtables: 0.
2020/04/05-11:45:45.402774 7eebdff200 [/db_impl_write.cc:1470] [usertable] New memtable created with log file: #13. Immutable memtables: 1.
2020/04/05-11:45:45.403409 7ef37ff200 [/db_impl_compaction_flush.cc:108] [JOB 20] Syncing log #10
2020/04/05-11:45:45.416891 7ef37ff200 [/db_impl_compaction_flush.cc:108] [JOB 20] Syncing log #12
2020/04/05-11:45:45.449025 7ef37ff200 (Original Log Time 2020/04/05-11:45:45.403351) [/db_impl_compaction_flush.cc:2073] Calling FlushMemTableToOutputFile with column family [usertable], flush slots available 6, compaction slots available 1, flush slots scheduled 6, compaction slots scheduled 0
2020/04/05-11:45:45.449047 7ef37ff200 [/flush_job.cc:322] [usertable] [JOB 20] Flushing memtable with next log file: 12
2020/04/05-11:45:45.449061 7ef37ff200 [/flush_job.cc:322] [usertable] [JOB 20] Flushing memtable with next log file: 13
2020/04/05-11:45:45.449111 7ef37ff200 EVENT_LOG_v1 {"time_micros": 1586087145449097, "job": 20, "event": "flush_started", "num_memtables": 2, "num_entries": 61518, "num_deletes": 0, "total_data_size": 253638714, "memory_usage": 260085712, "flush_reason": "Write Buffer Full"}
2020/04/05-11:45:45.449121 7ef37ff200 [/flush_job.cc:351] [usertable] [JOB 20] Level-0 flush table #14: started
2020/04/05-11:45:48.711664 7ef37ff200 EVENT_LOG_v1 {"time_micros": 1586087148711641, "cf_name": "usertable", "job": 20, "event": "table_file_creation", "file_number": 14, "file_size": 256769529, "table_properties": {"data_size": 254499966, "index_size": 2268811, "filter_size": 0, "raw_key_size": 1476432, "raw_average_key_size": 24, "raw_value_size": 251977728, "raw_average_value_size": 4096, "num_data_blocks": 61518, "num_entries": 61518, "filter_policy_name": ""}}
2020/04/05-11:45:48.711778 7ef37ff200 [/flush_job.cc:392] [usertable] [JOB 20] Level-0 flush table #14: 256769529 bytes OK
2020/04/05-11:45:48.740477 7ef37ff200 (Original Log Time 2020/04/05-11:45:48.711813) [/memtable_list.cc:380] [usertable] Level-0 commit table #14 started
2020/04/05-11:45:48.740484 7ef37ff200 (Original Log Time 2020/04/05-11:45:48.740287) [/memtable_list.cc:428] [usertable] Level-0 commit table #14: memtable #1 done
2020/04/05-11:45:48.740489 7ef37ff200 (Original Log Time 2020/04/05-11:45:48.740296) [/memtable_list.cc:428] [usertable] Level-0 commit table #14: memtable #2 done
2020/04/05-11:45:48.740493 7ef37ff200 (Original Log Time 2020/04/05-11:45:48.740340) EVENT_LOG_v1 {"time_micros": 1586087148740325, "job": 20, "event": "flush_finished", "output_compression": "NoCompression", "lsm_state": [2, 0, 0, 0, 0, 0, 0], "immutable_memtables": 0}
2020/04/05-11:45:48.740497 7ef37ff200 (Original Log Time 2020/04/05-11:45:48.740409) [/db_impl_compaction_flush.cc:201] [usertable] Level summary: files[2 0 0 0 0 0 0] max score 1.00
2020/04/05-11:45:48.740518 7ef37ff200 [/db_impl_files.cc:356] [JOB 20] Try to delete WAL files size 253404030, prev total WAL file size 261692882, number of live WAL files 3.
2020/04/05-11:45:48.747060 7f12fff200 [/compaction_job.cc:1645] [usertable] [JOB 26] Compacting 2@0 files to L1, score 1.00
2020/04/05-11:45:48.747100 7f12fff200 [/compaction_job.cc:1649] [usertable] Compaction start summary: Base version 4 Base level 0, inputs: [14(244MB) 11(244MB)]
2020/04/05-11:45:48.747193 7f12fff200 EVENT_LOG_v1 {"time_micros": 1586087148747129, "job": 26, "event": "compaction_started", "compaction_reason": "LevelL0FilesNum", "files_L0": [14, 11], "score": 1, "input_data_size": 513660105}
2020/04/05-11:45:50.164598 7f12fff200 [/compaction_job.cc:1332] [usertable] [JOB 26] Generated table #15: 16223 keys, 67713228 bytes
