2020/03/28-05:46:16.938529 7f783fe200 RocksDB version: 6.1.2
2020/03/28-05:46:16.938687 7f783fe200 Git sha rocksdb_build_git_sha:2b38e2dd6602a17a2010308580fd5d8c91dea650
2020/03/28-05:46:16.938694 7f783fe200 Compile date Mar 25 2020
2020/03/28-05:46:16.938729 7f783fe200 DB SUMMARY
2020/03/28-05:46:16.939646 7f783fe200 CURRENT file:  CURRENT
2020/03/28-05:46:16.939657 7f783fe200 IDENTITY file:  IDENTITY
2020/03/28-05:46:16.939679 7f783fe200 MANIFEST file:  MANIFEST-000004 size: 122567 Bytes
2020/03/28-05:46:16.939686 7f783fe200 SST files in /mnt/sda/mbwu-rocksdb-data dir, Total Num: 667, files: 000021.sst 000022.sst 000023.sst 000024.sst 000028.sst 000029.sst 000030.sst 000031.sst 000035.sst 
2020/03/28-05:46:16.939689 7f783fe200 Write Ahead Log file in /mnt/sda/mbwu-rocksdb-data: 001174.log size: 127079305 ; 001180.log size: 76257978 ; 
2020/03/28-05:46:16.939701 7f783fe200                         Options.error_if_exists: 0
2020/03/28-05:46:16.939704 7f783fe200                       Options.create_if_missing: 1
2020/03/28-05:46:16.939708 7f783fe200                         Options.paranoid_checks: 1
2020/03/28-05:46:16.939711 7f783fe200                                     Options.env: 0x7f2bffa768
2020/03/28-05:46:16.939714 7f783fe200                                Options.info_log: 0x7f2c08df00
2020/03/28-05:46:16.939716 7f783fe200                Options.max_file_opening_threads: 16
2020/03/28-05:46:16.939719 7f783fe200                              Options.statistics: (nil)
2020/03/28-05:46:16.939722 7f783fe200                               Options.use_fsync: 0
2020/03/28-05:46:16.939725 7f783fe200                       Options.max_log_file_size: 0
2020/03/28-05:46:16.939728 7f783fe200                  Options.max_manifest_file_size: 1073741824
2020/03/28-05:46:16.939731 7f783fe200                   Options.log_file_time_to_roll: 0
2020/03/28-05:46:16.939733 7f783fe200                       Options.keep_log_file_num: 1000
2020/03/28-05:46:16.939736 7f783fe200                    Options.recycle_log_file_num: 0
2020/03/28-05:46:16.939739 7f783fe200                         Options.allow_fallocate: 1
2020/03/28-05:46:16.939742 7f783fe200                        Options.allow_mmap_reads: 0
2020/03/28-05:46:16.939744 7f783fe200                       Options.allow_mmap_writes: 0
2020/03/28-05:46:16.939746 7f783fe200                        Options.use_direct_reads: 0
2020/03/28-05:46:16.939749 7f783fe200                        Options.use_direct_io_for_flush_and_compaction: 0
2020/03/28-05:46:16.939751 7f783fe200          Options.create_missing_column_families: 1
2020/03/28-05:46:16.939754 7f783fe200                              Options.db_log_dir: 
2020/03/28-05:46:16.939757 7f783fe200                                 Options.wal_dir: /mnt/sda/mbwu-rocksdb-data
2020/03/28-05:46:16.939760 7f783fe200                Options.table_cache_numshardbits: 6
2020/03/28-05:46:16.939762 7f783fe200                      Options.max_subcompactions: 1
2020/03/28-05:46:16.939765 7f783fe200                  Options.max_background_flushes: 6
2020/03/28-05:46:16.939767 7f783fe200                         Options.WAL_ttl_seconds: 0
2020/03/28-05:46:16.939770 7f783fe200                       Options.WAL_size_limit_MB: 0
2020/03/28-05:46:16.939773 7f783fe200             Options.manifest_preallocation_size: 4194304
2020/03/28-05:46:16.939775 7f783fe200                     Options.is_fd_close_on_exec: 1
2020/03/28-05:46:16.939778 7f783fe200                   Options.advise_random_on_open: 1
2020/03/28-05:46:16.939781 7f783fe200                    Options.db_write_buffer_size: 0
2020/03/28-05:46:16.939783 7f783fe200                    Options.write_buffer_manager: 0x7f2c08ef70
2020/03/28-05:46:16.939786 7f783fe200         Options.access_hint_on_compaction_start: 1
2020/03/28-05:46:16.939788 7f783fe200  Options.new_table_reader_for_compaction_inputs: 0
2020/03/28-05:46:16.939791 7f783fe200           Options.random_access_max_buffer_size: 1048576
2020/03/28-05:46:16.939793 7f783fe200                      Options.use_adaptive_mutex: 0
2020/03/28-05:46:16.939796 7f783fe200                            Options.rate_limiter: (nil)
2020/03/28-05:46:16.939836 7f783fe200     Options.sst_file_manager.rate_bytes_per_sec: 0
2020/03/28-05:46:16.939841 7f783fe200                       Options.wal_recovery_mode: 2
2020/03/28-05:46:16.939844 7f783fe200                  Options.enable_thread_tracking: 0
2020/03/28-05:46:16.939846 7f783fe200                  Options.enable_pipelined_write: 0
2020/03/28-05:46:16.939849 7f783fe200         Options.allow_concurrent_memtable_write: 1
2020/03/28-05:46:16.939851 7f783fe200      Options.enable_write_thread_adaptive_yield: 1
2020/03/28-05:46:16.939854 7f783fe200             Options.write_thread_max_yield_usec: 100
2020/03/28-05:46:16.939856 7f783fe200            Options.write_thread_slow_yield_usec: 3
2020/03/28-05:46:16.939859 7f783fe200                               Options.row_cache: None
2020/03/28-05:46:16.939861 7f783fe200                              Options.wal_filter: None
2020/03/28-05:46:16.939864 7f783fe200             Options.avoid_flush_during_recovery: 0
2020/03/28-05:46:16.939867 7f783fe200             Options.allow_ingest_behind: 0
2020/03/28-05:46:16.939869 7f783fe200             Options.preserve_deletes: 0
2020/03/28-05:46:16.939872 7f783fe200             Options.two_write_queues: 0
2020/03/28-05:46:16.939875 7f783fe200             Options.manual_wal_flush: 0
2020/03/28-05:46:16.939877 7f783fe200             Options.atomic_flush: 0
2020/03/28-05:46:16.939879 7f783fe200             Options.avoid_unnecessary_blocking_io: 0
2020/03/28-05:46:16.939884 7f783fe200             Options.max_background_jobs: 6
2020/03/28-05:46:16.939887 7f783fe200             Options.max_background_compactions: 6
2020/03/28-05:46:16.939890 7f783fe200             Options.avoid_flush_during_shutdown: 0
2020/03/28-05:46:16.939892 7f783fe200           Options.writable_file_max_buffer_size: 1048576
2020/03/28-05:46:16.939895 7f783fe200             Options.delayed_write_rate : 16777216
2020/03/28-05:46:16.939898 7f783fe200             Options.max_total_wal_size: 0
2020/03/28-05:46:16.939900 7f783fe200             Options.delete_obsolete_files_period_micros: 21600000000
2020/03/28-05:46:16.939903 7f783fe200                   Options.stats_dump_period_sec: 600
2020/03/28-05:46:16.939905 7f783fe200                 Options.stats_persist_period_sec: 600
2020/03/28-05:46:16.939907 7f783fe200                 Options.stats_history_buffer_size: 1048576
2020/03/28-05:46:16.939910 7f783fe200                          Options.max_open_files: -1
2020/03/28-05:46:16.939912 7f783fe200                          Options.bytes_per_sync: 1048576
2020/03/28-05:46:16.939915 7f783fe200                      Options.wal_bytes_per_sync: 0
2020/03/28-05:46:16.939918 7f783fe200       Options.compaction_readahead_size: 0
2020/03/28-05:46:16.939920 7f783fe200 Compression algorithms supported:
2020/03/28-05:46:16.939924 7f783fe200 	kZSTDNotFinalCompression supported: 1
2020/03/28-05:46:16.939959 7f783fe200 	kZSTD supported: 1
2020/03/28-05:46:16.939964 7f783fe200 	kXpressCompression supported: 0
2020/03/28-05:46:16.939967 7f783fe200 	kLZ4HCCompression supported: 1
2020/03/28-05:46:16.939970 7f783fe200 	kLZ4Compression supported: 1
2020/03/28-05:46:16.939972 7f783fe200 	kBZip2Compression supported: 1
2020/03/28-05:46:16.939975 7f783fe200 	kZlibCompression supported: 1
2020/03/28-05:46:16.939977 7f783fe200 	kSnappyCompression supported: 1
2020/03/28-05:46:16.939985 7f783fe200 Fast CRC32 supported: Not supported on x86
2020/03/28-05:46:16.940782 7f783fe200 [/version_set.cc:3543] Recovering from manifest file: /mnt/sda/mbwu-rocksdb-data/MANIFEST-000004
2020/03/28-05:46:16.941007 7f783fe200 [/column_family.cc:477] --------------- Options for column family [default]:
2020/03/28-05:46:16.941016 7f783fe200               Options.comparator: leveldb.BytewiseComparator
2020/03/28-05:46:16.941020 7f783fe200           Options.merge_operator: None
2020/03/28-05:46:16.941023 7f783fe200        Options.compaction_filter: None
2020/03/28-05:46:16.941025 7f783fe200        Options.compaction_filter_factory: None
2020/03/28-05:46:16.941028 7f783fe200         Options.memtable_factory: SkipListFactory
2020/03/28-05:46:16.941065 7f783fe200            Options.table_factory: BlockBasedTable
2020/03/28-05:46:16.941113 7f783fe200            table_factory options:   flush_block_policy_factory: FlushBlockBySizePolicyFactory (0x7f2c08f4d0)
  cache_index_and_filter_blocks: 0
  cache_index_and_filter_blocks_with_high_priority: 0
  pin_l0_filter_and_index_blocks_in_cache: 0
  pin_top_level_index_and_filter: 1
  index_type: 0
  data_block_index_type: 0
  data_block_hash_table_util_ratio: 0.750000
  hash_index_allow_collision: 1
  checksum: 1
  no_block_cache: 0
  block_cache: 0x7f2c08f5e0
  block_cache_name: LRUCache
  block_cache_options:
    capacity : 8388608
    num_shard_bits : 4
    strict_capacity_limit : 0
    memory_allocator : None
    high_pri_pool_ratio: 0.000
  block_cache_compressed: (nil)
  persistent_cache: (nil)
  block_size: 4096
  block_size_deviation: 10
  block_restart_interval: 16
  index_block_restart_interval: 1
  metadata_block_size: 4096
  partition_filters: 0
  use_delta_encoding: 1
  filter_policy: nullptr
  whole_key_filtering: 1
  verify_compression: 0
  read_amp_bytes_per_bit: 0
  format_version: 2
  enable_index_compression: 1
  block_align: 0
2020/03/28-05:46:16.941118 7f783fe200        Options.write_buffer_size: 134217728
2020/03/28-05:46:16.941121 7f783fe200  Options.max_write_buffer_number: 6
2020/03/28-05:46:16.941124 7f783fe200        Options.compression[0]: NoCompression
2020/03/28-05:46:16.941127 7f783fe200        Options.compression[1]: NoCompression
2020/03/28-05:46:16.941130 7f783fe200        Options.compression[2]: Snappy
2020/03/28-05:46:16.941132 7f783fe200        Options.compression[3]: Snappy
2020/03/28-05:46:16.941135 7f783fe200        Options.compression[4]: Snappy
2020/03/28-05:46:16.941137 7f783fe200        Options.compression[5]: Snappy
2020/03/28-05:46:16.941140 7f783fe200        Options.compression[6]: Snappy
2020/03/28-05:46:16.941142 7f783fe200                  Options.bottommost_compression: Disabled
2020/03/28-05:46:16.941145 7f783fe200       Options.prefix_extractor: nullptr
2020/03/28-05:46:16.941148 7f783fe200   Options.memtable_insert_with_hint_prefix_extractor: nullptr
2020/03/28-05:46:16.941150 7f783fe200             Options.num_levels: 7
2020/03/28-05:46:16.941153 7f783fe200        Options.min_write_buffer_number_to_merge: 2
2020/03/28-05:46:16.941155 7f783fe200     Options.max_write_buffer_number_to_maintain: 0
2020/03/28-05:46:16.941158 7f783fe200            Options.bottommost_compression_opts.window_bits: -14
2020/03/28-05:46:16.941160 7f783fe200                  Options.bottommost_compression_opts.level: 32767
2020/03/28-05:46:16.941163 7f783fe200               Options.bottommost_compression_opts.strategy: 0
2020/03/28-05:46:16.941166 7f783fe200         Options.bottommost_compression_opts.max_dict_bytes: 0
2020/03/28-05:46:16.941168 7f783fe200         Options.bottommost_compression_opts.zstd_max_train_bytes: 0
2020/03/28-05:46:16.941171 7f783fe200                  Options.bottommost_compression_opts.enabled: false
2020/03/28-05:46:16.941174 7f783fe200            Options.compression_opts.window_bits: -14
2020/03/28-05:46:16.941176 7f783fe200                  Options.compression_opts.level: 32767
2020/03/28-05:46:16.941179 7f783fe200               Options.compression_opts.strategy: 0
2020/03/28-05:46:16.941181 7f783fe200         Options.compression_opts.max_dict_bytes: 0
2020/03/28-05:46:16.941184 7f783fe200         Options.compression_opts.zstd_max_train_bytes: 0
2020/03/28-05:46:16.941186 7f783fe200                  Options.compression_opts.enabled: false
2020/03/28-05:46:16.941188 7f783fe200      Options.level0_file_num_compaction_trigger: 2
2020/03/28-05:46:16.941191 7f783fe200          Options.level0_slowdown_writes_trigger: 20
2020/03/28-05:46:16.941194 7f783fe200              Options.level0_stop_writes_trigger: 36
2020/03/28-05:46:16.941196 7f783fe200                   Options.target_file_size_base: 67108864
2020/03/28-05:46:16.941198 7f783fe200             Options.target_file_size_multiplier: 1
2020/03/28-05:46:16.941201 7f783fe200                Options.max_bytes_for_level_base: 536870912
2020/03/28-05:46:16.941216 7f783fe200 Options.level_compaction_dynamic_level_bytes: 0
2020/03/28-05:46:16.941220 7f783fe200          Options.max_bytes_for_level_multiplier: 10.000000
2020/03/28-05:46:16.941225 7f783fe200 Options.max_bytes_for_level_multiplier_addtl[0]: 1
2020/03/28-05:46:16.941228 7f783fe200 Options.max_bytes_for_level_multiplier_addtl[1]: 1
2020/03/28-05:46:16.941231 7f783fe200 Options.max_bytes_for_level_multiplier_addtl[2]: 1
2020/03/28-05:46:16.941233 7f783fe200 Options.max_bytes_for_level_multiplier_addtl[3]: 1
2020/03/28-05:46:16.941236 7f783fe200 Options.max_bytes_for_level_multiplier_addtl[4]: 1
2020/03/28-05:46:16.941238 7f783fe200 Options.max_bytes_for_level_multiplier_addtl[5]: 1
2020/03/28-05:46:16.941241 7f783fe200 Options.max_bytes_for_level_multiplier_addtl[6]: 1
2020/03/28-05:46:16.941243 7f783fe200       Options.max_sequential_skip_in_iterations: 8
2020/03/28-05:46:16.941246 7f783fe200                    Options.max_compaction_bytes: 1677721600
2020/03/28-05:46:16.941248 7f783fe200                        Options.arena_block_size: 16777216
2020/03/28-05:46:16.941251 7f783fe200   Options.soft_pending_compaction_bytes_limit: 68719476736
2020/03/28-05:46:16.941254 7f783fe200   Options.hard_pending_compaction_bytes_limit: 274877906944
2020/03/28-05:46:16.941256 7f783fe200       Options.rate_limit_delay_max_milliseconds: 100
2020/03/28-05:46:16.941258 7f783fe200                Options.disable_auto_compactions: 0
2020/03/28-05:46:16.941263 7f783fe200                        Options.compaction_style: kCompactionStyleLevel
2020/03/28-05:46:16.941268 7f783fe200                          Options.compaction_pri: kMinOverlappingRatio
2020/03/28-05:46:16.941270 7f783fe200 Options.compaction_options_universal.size_ratio: 1
2020/03/28-05:46:16.941273 7f783fe200 Options.compaction_options_universal.min_merge_width: 2
2020/03/28-05:46:16.941276 7f783fe200 Options.compaction_options_universal.max_merge_width: 4294967295
2020/03/28-05:46:16.941278 7f783fe200 Options.compaction_options_universal.max_size_amplification_percent: 200
2020/03/28-05:46:16.941281 7f783fe200 Options.compaction_options_universal.compression_size_percent: -1
2020/03/28-05:46:16.941284 7f783fe200 Options.compaction_options_universal.stop_style: kCompactionStopStyleTotalSize
2020/03/28-05:46:16.941287 7f783fe200 Options.compaction_options_fifo.max_table_files_size: 1073741824
2020/03/28-05:46:16.941290 7f783fe200 Options.compaction_options_fifo.allow_compaction: 0
2020/03/28-05:46:16.941292 7f783fe200                   Options.table_properties_collectors: 
2020/03/28-05:46:16.941295 7f783fe200                   Options.inplace_update_support: 0
2020/03/28-05:46:16.941297 7f783fe200                 Options.inplace_update_num_locks: 10000
2020/03/28-05:46:16.941299 7f783fe200               Options.memtable_prefix_bloom_size_ratio: 0.000000
2020/03/28-05:46:16.941302 7f783fe200               Options.memtable_whole_key_filtering: 0
2020/03/28-05:46:16.941305 7f783fe200   Options.memtable_huge_page_size: 0
2020/03/28-05:46:16.941307 7f783fe200                           Options.bloom_locality: 0
2020/03/28-05:46:16.941310 7f783fe200                    Options.max_successive_merges: 0
2020/03/28-05:46:16.941312 7f783fe200                Options.optimize_filters_for_hits: 0
2020/03/28-05:46:16.941314 7f783fe200                Options.paranoid_file_checks: 0
2020/03/28-05:46:16.941317 7f783fe200                Options.force_consistency_checks: 0
2020/03/28-05:46:16.941319 7f783fe200                Options.report_bg_io_stats: 0
2020/03/28-05:46:16.941322 7f783fe200                               Options.ttl: 0
2020/03/28-05:46:16.942010 7f783fe200 [/column_family.cc:477] --------------- Options for column family [usertable]:
2020/03/28-05:46:16.942020 7f783fe200               Options.comparator: leveldb.BytewiseComparator
2020/03/28-05:46:16.942023 7f783fe200           Options.merge_operator: None
2020/03/28-05:46:16.942025 7f783fe200        Options.compaction_filter: None
2020/03/28-05:46:16.942028 7f783fe200        Options.compaction_filter_factory: None
2020/03/28-05:46:16.942052 7f783fe200         Options.memtable_factory: SkipListFactory
2020/03/28-05:46:16.942056 7f783fe200            Options.table_factory: BlockBasedTable
2020/03/28-05:46:16.942101 7f783fe200            table_factory options:   flush_block_policy_factory: FlushBlockBySizePolicyFactory (0x7f2c08e120)
  cache_index_and_filter_blocks: 0
  cache_index_and_filter_blocks_with_high_priority: 0
  pin_l0_filter_and_index_blocks_in_cache: 0
  pin_top_level_index_and_filter: 1
  index_type: 0
  data_block_index_type: 0
  data_block_hash_table_util_ratio: 0.750000
  hash_index_allow_collision: 1
  checksum: 1
  no_block_cache: 0
  block_cache: 0x7f2c08e2c0
  block_cache_name: LRUCache
  block_cache_options:
    capacity : 8388608
    num_shard_bits : 4
    strict_capacity_limit : 0
    memory_allocator : None
    high_pri_pool_ratio: 0.000
  block_cache_compressed: (nil)
  persistent_cache: (nil)
  block_size: 4096
  block_size_deviation: 10
  block_restart_interval: 16
  index_block_restart_interval: 1
  metadata_block_size: 4096
  partition_filters: 0
  use_delta_encoding: 1
  filter_policy: nullptr
  whole_key_filtering: 1
  verify_compression: 0
  read_amp_bytes_per_bit: 0
  format_version: 2
  enable_index_compression: 1
  block_align: 0
2020/03/28-05:46:16.942106 7f783fe200        Options.write_buffer_size: 134217728
2020/03/28-05:46:16.942108 7f783fe200  Options.max_write_buffer_number: 6
2020/03/28-05:46:16.942111 7f783fe200        Options.compression[0]: NoCompression
2020/03/28-05:46:16.942114 7f783fe200        Options.compression[1]: NoCompression
2020/03/28-05:46:16.942116 7f783fe200        Options.compression[2]: Snappy
2020/03/28-05:46:16.942119 7f783fe200        Options.compression[3]: Snappy
2020/03/28-05:46:16.942122 7f783fe200        Options.compression[4]: Snappy
2020/03/28-05:46:16.942124 7f783fe200        Options.compression[5]: Snappy
2020/03/28-05:46:16.942126 7f783fe200        Options.compression[6]: Snappy
2020/03/28-05:46:16.942129 7f783fe200                  Options.bottommost_compression: Disabled
2020/03/28-05:46:16.942132 7f783fe200       Options.prefix_extractor: nullptr
2020/03/28-05:46:16.942134 7f783fe200   Options.memtable_insert_with_hint_prefix_extractor: nullptr
2020/03/28-05:46:16.942137 7f783fe200             Options.num_levels: 7
2020/03/28-05:46:16.942139 7f783fe200        Options.min_write_buffer_number_to_merge: 2
2020/03/28-05:46:16.942142 7f783fe200     Options.max_write_buffer_number_to_maintain: 0
2020/03/28-05:46:16.942144 7f783fe200            Options.bottommost_compression_opts.window_bits: -14
2020/03/28-05:46:16.942146 7f783fe200                  Options.bottommost_compression_opts.level: 32767
2020/03/28-05:46:16.942149 7f783fe200               Options.bottommost_compression_opts.strategy: 0
2020/03/28-05:46:16.942151 7f783fe200         Options.bottommost_compression_opts.max_dict_bytes: 0
2020/03/28-05:46:16.942154 7f783fe200         Options.bottommost_compression_opts.zstd_max_train_bytes: 0
2020/03/28-05:46:16.942156 7f783fe200                  Options.bottommost_compression_opts.enabled: false
2020/03/28-05:46:16.942159 7f783fe200            Options.compression_opts.window_bits: -14
2020/03/28-05:46:16.942161 7f783fe200                  Options.compression_opts.level: 32767
2020/03/28-05:46:16.942163 7f783fe200               Options.compression_opts.strategy: 0
2020/03/28-05:46:16.942166 7f783fe200         Options.compression_opts.max_dict_bytes: 0
2020/03/28-05:46:16.942168 7f783fe200         Options.compression_opts.zstd_max_train_bytes: 0
2020/03/28-05:46:16.942170 7f783fe200                  Options.compression_opts.enabled: false
2020/03/28-05:46:16.942173 7f783fe200      Options.level0_file_num_compaction_trigger: 2
2020/03/28-05:46:16.942175 7f783fe200          Options.level0_slowdown_writes_trigger: 20
2020/03/28-05:46:16.942178 7f783fe200              Options.level0_stop_writes_trigger: 36
2020/03/28-05:46:16.942180 7f783fe200                   Options.target_file_size_base: 67108864
2020/03/28-05:46:16.942197 7f783fe200             Options.target_file_size_multiplier: 1
2020/03/28-05:46:16.942201 7f783fe200                Options.max_bytes_for_level_base: 536870912
2020/03/28-05:46:16.942204 7f783fe200 Options.level_compaction_dynamic_level_bytes: 0
2020/03/28-05:46:16.942206 7f783fe200          Options.max_bytes_for_level_multiplier: 10.000000
2020/03/28-05:46:16.942210 7f783fe200 Options.max_bytes_for_level_multiplier_addtl[0]: 1
2020/03/28-05:46:16.942213 7f783fe200 Options.max_bytes_for_level_multiplier_addtl[1]: 1
2020/03/28-05:46:16.942216 7f783fe200 Options.max_bytes_for_level_multiplier_addtl[2]: 1
2020/03/28-05:46:16.942218 7f783fe200 Options.max_bytes_for_level_multiplier_addtl[3]: 1
2020/03/28-05:46:16.942220 7f783fe200 Options.max_bytes_for_level_multiplier_addtl[4]: 1
2020/03/28-05:46:16.942223 7f783fe200 Options.max_bytes_for_level_multiplier_addtl[5]: 1
2020/03/28-05:46:16.942225 7f783fe200 Options.max_bytes_for_level_multiplier_addtl[6]: 1
2020/03/28-05:46:16.942228 7f783fe200       Options.max_sequential_skip_in_iterations: 8
2020/03/28-05:46:16.942230 7f783fe200                    Options.max_compaction_bytes: 1677721600
2020/03/28-05:46:16.942233 7f783fe200                        Options.arena_block_size: 16777216
2020/03/28-05:46:16.942235 7f783fe200   Options.soft_pending_compaction_bytes_limit: 68719476736
2020/03/28-05:46:16.942238 7f783fe200   Options.hard_pending_compaction_bytes_limit: 274877906944
2020/03/28-05:46:16.942240 7f783fe200       Options.rate_limit_delay_max_milliseconds: 100
2020/03/28-05:46:16.942243 7f783fe200                Options.disable_auto_compactions: 0
2020/03/28-05:46:16.942246 7f783fe200                        Options.compaction_style: kCompactionStyleLevel
2020/03/28-05:46:16.942249 7f783fe200                          Options.compaction_pri: kMinOverlappingRatio
2020/03/28-05:46:16.942252 7f783fe200 Options.compaction_options_universal.size_ratio: 1
2020/03/28-05:46:16.942254 7f783fe200 Options.compaction_options_universal.min_merge_width: 2
2020/03/28-05:46:16.942257 7f783fe200 Options.compaction_options_universal.max_merge_width: 4294967295
2020/03/28-05:46:16.942259 7f783fe200 Options.compaction_options_universal.max_size_amplification_percent: 200
2020/03/28-05:46:16.942262 7f783fe200 Options.compaction_options_universal.compression_size_percent: -1
2020/03/28-05:46:16.942264 7f783fe200 Options.compaction_options_universal.stop_style: kCompactionStopStyleTotalSize
2020/03/28-05:46:16.942267 7f783fe200 Options.compaction_options_fifo.max_table_files_size: 1073741824
2020/03/28-05:46:16.942269 7f783fe200 Options.compaction_options_fifo.allow_compaction: 0
2020/03/28-05:46:16.942272 7f783fe200                   Options.table_properties_collectors: 
2020/03/28-05:46:16.942274 7f783fe200                   Options.inplace_update_support: 0
2020/03/28-05:46:16.942277 7f783fe200                 Options.inplace_update_num_locks: 10000
2020/03/28-05:46:16.942279 7f783fe200               Options.memtable_prefix_bloom_size_ratio: 0.000000
2020/03/28-05:46:16.942282 7f783fe200               Options.memtable_whole_key_filtering: 0
2020/03/28-05:46:16.942285 7f783fe200   Options.memtable_huge_page_size: 0
2020/03/28-05:46:16.942287 7f783fe200                           Options.bloom_locality: 0
2020/03/28-05:46:16.942289 7f783fe200                    Options.max_successive_merges: 0
2020/03/28-05:46:16.942292 7f783fe200                Options.optimize_filters_for_hits: 0
2020/03/28-05:46:16.942294 7f783fe200                Options.paranoid_file_checks: 0
2020/03/28-05:46:16.942297 7f783fe200                Options.force_consistency_checks: 0
2020/03/28-05:46:16.942299 7f783fe200                Options.report_bg_io_stats: 0
2020/03/28-05:46:16.942301 7f783fe200                               Options.ttl: 0
2020/03/28-05:46:18.040911 7f783fe200 [/version_set.cc:3757] Recovered from manifest file:/mnt/sda/mbwu-rocksdb-data/MANIFEST-000004 succeeded,manifest_file_number is 4, next_file_number is 1181, last_sequence is 10423549, log_number is 1174,prev_log_number is 0,max_column_family is 1,min_log_number_to_keep is 0
2020/03/28-05:46:18.041099 7f783fe200 [/version_set.cc:3766] Column family [default] (ID 0), log number is 0
2020/03/28-05:46:18.041113 7f783fe200 [/version_set.cc:3766] Column family [usertable] (ID 1), log number is 1174
2020/03/28-05:46:18.050269 7f783fe200 EVENT_LOG_v1 {"time_micros": 1585374378050227, "job": 1, "event": "recovery_started", "log_files": [1174, 1180]}
2020/03/28-05:46:18.050333 7f783fe200 [/db_impl_open.cc:583] Recovering log #1174 mode 2
2020/03/28-05:46:18.625676 7f783fe200 [/db_impl_open.cc:583] Recovering log #1180 mode 2
2020/03/28-05:46:19.301367 7f783fe200 EVENT_LOG_v1 {"time_micros": 1585374379301339, "cf_name": "usertable", "job": 1, "event": "table_file_creation", "file_number": 1181, "file_size": 130914254, "table_properties": {"data_size": 129757005, "index_size": 1156502, "filter_size": 0, "raw_key_size": 752760, "raw_average_key_size": 24, "raw_value_size": 128471040, "raw_average_value_size": 4096, "num_data_blocks": 31365, "num_entries": 31365, "filter_policy_name": ""}}
2020/03/28-05:46:19.645141 7f783fe200 [/version_set.cc:3036] Creating manifest 1182
2020/03/28-05:46:20.115535 7f783fe200 EVENT_LOG_v1 {"time_micros": 1585374380115511, "cf_name": "usertable", "job": 1, "event": "table_file_creation", "file_number": 1183, "file_size": 74633537, "table_properties": {"data_size": 73973697, "index_size": 659093, "filter_size": 0, "raw_key_size": 429144, "raw_average_key_size": 24, "raw_value_size": 73240576, "raw_average_value_size": 4096, "num_data_blocks": 17881, "num_entries": 17881, "filter_policy_name": ""}}
2020/03/28-05:46:20.145464 7f783fe200 EVENT_LOG_v1 {"time_micros": 1585374380145446, "job": 1, "event": "recovery_finished"}
2020/03/28-05:46:20.261603 7f783fe200 DB pointer 0x7f2c09c370
2020/03/28-05:46:20.263260 7ec9bab200 [/db_impl.cc:777] ------- DUMPING STATS -------
2020/03/28-05:46:20.263352 7ec9bab200 [/db_impl.cc:778] 
** DB Stats **
Uptime(secs): 3.3 total, 3.3 interval
Cumulative writes: 0 writes, 0 keys, 0 commit groups, 0.0 writes per commit group, ingest: 0.00 GB, 0.00 MB/s
Cumulative WAL: 0 writes, 0 syncs, 0.00 writes per sync, written: 0.00 GB, 0.00 MB/s
Cumulative stall: 00:00:0.000 H:M:S, 0.0 percent
Interval writes: 0 writes, 0 keys, 0 commit groups, 0.0 writes per commit group, ingest: 0.00 MB, 0.00 MB/s
Interval WAL: 0 writes, 0 syncs, 0.00 writes per sync, written: 0.00 MB, 0.00 MB/s
Interval stall: 00:00:0.000 H:M:S, 0.0 percent

** Compaction Stats [default] **
Level    Files   Size     Score Read(GB)  Rn(GB) Rnp1(GB) Write(GB) Wnew(GB) Moved(GB) W-Amp Rd(MB/s) Wr(MB/s) Comp(sec) CompMergeCPU(sec) Comp(cnt) Avg(sec) KeyIn KeyDrop
----------------------------------------------------------------------------------------------------------------------------------------------------------------------------
 Sum      0/0    0.00 KB   0.0      0.0     0.0      0.0       0.0      0.0       0.0   0.0      0.0      0.0      0.00              0.00         0    0.000       0      0
 Int      0/0    0.00 KB   0.0      0.0     0.0      0.0       0.0      0.0       0.0   0.0      0.0      0.0      0.00              0.00         0    0.000       0      0

** Compaction Stats [default] **
Priority    Files   Size     Score Read(GB)  Rn(GB) Rnp1(GB) Write(GB) Wnew(GB) Moved(GB) W-Amp Rd(MB/s) Wr(MB/s) Comp(sec) CompMergeCPU(sec) Comp(cnt) Avg(sec) KeyIn KeyDrop
-------------------------------------------------------------------------------------------------------------------------------------------------------------------------------
Uptime(secs): 3.3 total, 3.3 interval
Flush(GB): cumulative 0.000, interval 0.000
AddFile(GB): cumulative 0.000, interval 0.000
AddFile(Total Files): cumulative 0, interval 0
AddFile(L0 Files): cumulative 0, interval 0
AddFile(Keys): cumulative 0, interval 0
Cumulative compaction: 0.00 GB write, 0.00 MB/s write, 0.00 GB read, 0.00 MB/s read, 0.0 seconds
Interval compaction: 0.00 GB write, 0.00 MB/s write, 0.00 GB read, 0.00 MB/s read, 0.0 seconds
Stalls(count): 0 level0_slowdown, 0 level0_slowdown_with_compaction, 0 level0_numfiles, 0 level0_numfiles_with_compaction, 0 stop for pending_compaction_bytes, 0 slowdown for pending_compaction_bytes, 0 memtable_compaction, 0 memtable_slowdown, interval 0 total count

** File Read Latency Histogram By Level [default] **

** Compaction Stats [usertable] **
Level    Files   Size     Score Read(GB)  Rn(GB) Rnp1(GB) Write(GB) Wnew(GB) Moved(GB) W-Amp Rd(MB/s) Wr(MB/s) Comp(sec) CompMergeCPU(sec) Comp(cnt) Avg(sec) KeyIn KeyDrop
----------------------------------------------------------------------------------------------------------------------------------------------------------------------------
  L0      3/1   440.87 MB   1.0      0.0     0.0      0.0       0.2      0.2       0.0   1.0      0.0    182.4      1.07              0.00         2    0.537       0      0
  L1      2/0   489.71 MB   1.0      0.0     0.0      0.0       0.0      0.0       0.0   0.0      0.0      0.0      0.00              0.00         0    0.000       0      0
  L2     83/0    4.94 GB   1.0      0.0     0.0      0.0       0.0      0.0       0.0   0.0      0.0      0.0      0.00              0.00         0    0.000       0      0
  L3    581/0   34.52 GB   0.7      0.0     0.0      0.0       0.0      0.0       0.0   0.0      0.0      0.0      0.00              0.00         0    0.000       0      0
 Sum    669/1   40.38 GB   0.0      0.0     0.0      0.0       0.2      0.2       0.0   1.0      0.0    182.4      1.07              0.00         2    0.537       0      0
 Int      0/0    0.00 KB   0.0      0.0     0.0      0.0       0.2      0.2       0.0   1.0      0.0    182.4      1.07              0.00         2    0.537       0      0

** Compaction Stats [usertable] **
Priority    Files   Size     Score Read(GB)  Rn(GB) Rnp1(GB) Write(GB) Wnew(GB) Moved(GB) W-Amp Rd(MB/s) Wr(MB/s) Comp(sec) CompMergeCPU(sec) Comp(cnt) Avg(sec) KeyIn KeyDrop
-------------------------------------------------------------------------------------------------------------------------------------------------------------------------------
User      0/0    0.00 KB   0.0      0.0     0.0      0.0       0.2      0.2       0.0   0.0      0.0    182.4      1.07              0.00         2    0.537       0      0
Uptime(secs): 3.3 total, 3.3 interval
Flush(GB): cumulative 0.191, interval 0.191
AddFile(GB): cumulative 0.000, interval 0.000
AddFile(Total Files): cumulative 0, interval 0
AddFile(L0 Files): cumulative 0, interval 0
AddFile(Keys): cumulative 0, interval 0
Cumulative compaction: 0.19 GB write, 59.03 MB/s write, 0.00 GB read, 0.00 MB/s read, 1.1 seconds
Interval compaction: 0.19 GB write, 59.03 MB/s write, 0.00 GB read, 0.00 MB/s read, 1.1 seconds
Stalls(count): 0 level0_slowdown, 0 level0_slowdown_with_compaction, 0 level0_numfiles, 0 level0_numfiles_with_compaction, 0 stop for pending_compaction_bytes, 0 slowdown for pending_compaction_bytes, 0 memtable_compaction, 0 memtable_slowdown, interval 0 total count

** File Read Latency Histogram By Level [usertable] **

** Compaction Stats [default] **
Level    Files   Size     Score Read(GB)  Rn(GB) Rnp1(GB) Write(GB) Wnew(GB) Moved(GB) W-Amp Rd(MB/s) Wr(MB/s) Comp(sec) CompMergeCPU(sec) Comp(cnt) Avg(sec) KeyIn KeyDrop
----------------------------------------------------------------------------------------------------------------------------------------------------------------------------
 Sum      0/0    0.00 KB   0.0      0.0     0.0      0.0       0.0      0.0       0.0   0.0      0.0      0.0      0.00              0.00         0    0.000       0      0
 Int      0/0    0.00 KB   0.0      0.0     0.0      0.0       0.0      0.0       0.0   0.0      0.0      0.0      0.00              0.00         0    0.000       0      0

** Compaction Stats [default] **
Priority    Files   Size     Score Read(GB)  Rn(GB) Rnp1(GB) Write(GB) Wnew(GB) Moved(GB) W-Amp Rd(MB/s) Wr(MB/s) Comp(sec) CompMergeCPU(sec) Comp(cnt) Avg(sec) KeyIn KeyDrop
-------------------------------------------------------------------------------------------------------------------------------------------------------------------------------
Uptime(secs): 3.3 total, 0.0 interval
Flush(GB): cumulative 0.000, interval 0.000
AddFile(GB): cumulative 0.000, interval 0.000
AddFile(Total Files): cumulative 0, interval 0
AddFile(L0 Files): cumulative 0, interval 0
AddFile(Keys): cumulative 0, interval 0
Cumulative compaction: 0.00 GB write, 0.00 MB/s write, 0.00 GB read, 0.00 MB/s read, 0.0 seconds
Interval compaction: 0.00 GB write, 0.00 MB/s write, 0.00 GB read, 0.00 MB/s read, 0.0 seconds
Stalls(count): 0 level0_slowdown, 0 level0_slowdown_with_compaction, 0 level0_numfiles, 0 level0_numfiles_with_compaction, 0 stop for pending_compaction_bytes, 0 slowdown for pending_compaction_bytes, 0 memtable_compaction, 0 memtable_slowdown, interval 0 total count

** File Read Latency Histogram By Level [default] **

** Compaction Stats [usertable] **
Level    Files   Size     Score Read(GB)  Rn(GB) Rnp1(GB) Write(GB) Wnew(GB) Moved(GB) W-Amp Rd(MB/s) Wr(MB/s) Comp(sec) CompMergeCPU(sec) Comp(cnt) Avg(sec) KeyIn KeyDrop
----------------------------------------------------------------------------------------------------------------------------------------------------------------------------
  L0      3/1   440.87 MB   1.0      0.0     0.0      0.0       0.2      0.2       0.0   1.0      0.0    182.4      1.07              0.00         2    0.537       0      0
  L1      2/0   489.71 MB   1.0      0.0     0.0      0.0       0.0      0.0       0.0   0.0      0.0      0.0      0.00              0.00         0    0.000       0      0
  L2     83/0    4.94 GB   1.0      0.0     0.0      0.0       0.0      0.0       0.0   0.0      0.0      0.0      0.00              0.00         0    0.000       0      0
  L3    581/0   34.52 GB   0.7      0.0     0.0      0.0       0.0      0.0       0.0   0.0      0.0      0.0      0.00              0.00         0    0.000       0      0
 Sum    669/1   40.38 GB   0.0      0.0     0.0      0.0       0.2      0.2       0.0   1.0      0.0    182.4      1.07              0.00         2    0.537       0      0
 Int      0/0    0.00 KB   0.0      0.0     0.0      0.0       0.0      0.0       0.0   0.0      0.0      0.0      0.00              0.00         0    0.000       0      0

** Compaction Stats [usertable] **
Priority    Files   Size     Score Read(GB)  Rn(GB) Rnp1(GB) Write(GB) Wnew(GB) Moved(GB) W-Amp Rd(MB/s) Wr(MB/s) Comp(sec) CompMergeCPU(sec) Comp(cnt) Avg(sec) KeyIn KeyDrop
-------------------------------------------------------------------------------------------------------------------------------------------------------------------------------
User      0/0    0.00 KB   0.0      0.0     0.0      0.0       0.2      0.2       0.0   0.0      0.0    182.4      1.07              0.00         2    0.537       0      0
Uptime(secs): 3.3 total, 0.0 interval
Flush(GB): cumulative 0.191, interval 0.000
AddFile(GB): cumulative 0.000, interval 0.000
AddFile(Total Files): cumulative 0, interval 0
AddFile(L0 Files): cumulative 0, interval 0
AddFile(Keys): cumulative 0, interval 0
Cumulative compaction: 0.19 GB write, 59.02 MB/s write, 0.00 GB read, 0.00 MB/s read, 1.1 seconds
Interval compaction: 0.00 GB write, 0.00 MB/s write, 0.00 GB read, 0.00 MB/s read, 0.0 seconds
Stalls(count): 0 level0_slowdown, 0 level0_slowdown_with_compaction, 0 level0_numfiles, 0 level0_numfiles_with_compaction, 0 stop for pending_compaction_bytes, 0 slowdown for pending_compaction_bytes, 0 memtable_compaction, 0 memtable_slowdown, interval 0 total count

** File Read Latency Histogram By Level [usertable] **
2020/03/28-05:46:20.285509 7f23fff200 (Original Log Time 2020/03/28-05:46:20.256225) [/db_impl_compaction_flush.cc:2536] [usertable] Moving #1183 to level-1 74633537 bytes
2020/03/28-05:46:20.285521 7f23fff200 (Original Log Time 2020/03/28-05:46:20.285256) EVENT_LOG_v1 {"time_micros": 1585374380285239, "job": 3, "event": "trivial_move", "destination_level": 1, "files": 1, "total_files_size": 74633537}
2020/03/28-05:46:20.285526 7f23fff200 (Original Log Time 2020/03/28-05:46:20.285286) [/db_impl_compaction_flush.cc:2565] [usertable] Moved #1 files to level-1 74633537 bytes OK: files[2 3 83 581 0 0 0] max score 1.10
2020/03/28-05:46:20.285792 7f23fff200 [/compaction_job.cc:1645] [usertable] [JOB 4] Compacting 1@1 files to L2, score 1.10
2020/03/28-05:46:20.285840 7f23fff200 [/compaction_job.cc:1649] [usertable] Compaction start summary: Base version 6 Base level 1, inputs: [1168(244MB)]
2020/03/28-05:46:20.285900 7f23fff200 EVENT_LOG_v1 {"time_micros": 1585374380285866, "job": 4, "event": "compaction_started", "compaction_reason": "LevelMaxLevelSize", "files_L1": [1168], "score": 1.09549, "input_data_size": 256744487}
2020/03/28-05:46:21.444994 7f23fff200 [/compaction_job.cc:1332] [usertable] [JOB 4] Generated table #1187: 16223 keys, 67326147 bytes
2020/03/28-05:46:21.445087 7f23fff200 EVENT_LOG_v1 {"time_micros": 1585374381445067, "cf_name": "usertable", "job": 4, "event": "table_file_creation", "file_number": 1187, "file_size": 67326147, "table_properties": {"data_size": 67114551, "index_size": 597931, "filter_size": 0, "raw_key_size": 389352, "raw_average_key_size": 24, "raw_value_size": 66449408, "raw_average_value_size": 4096, "num_data_blocks": 16223, "num_entries": 16223, "filter_policy_name": ""}}
2020/03/28-05:46:22.564133 7f23fff200 [/compaction_job.cc:1332] [usertable] [JOB 4] Generated table #1188: 16223 keys, 67326132 bytes
2020/03/28-05:46:22.564254 7f23fff200 EVENT_LOG_v1 {"time_micros": 1585374382564234, "cf_name": "usertable", "job": 4, "event": "table_file_creation", "file_number": 1188, "file_size": 67326132, "table_properties": {"data_size": 67114551, "index_size": 597928, "filter_size": 0, "raw_key_size": 389352, "raw_average_key_size": 24, "raw_value_size": 66449408, "raw_average_value_size": 4096, "num_data_blocks": 16223, "num_entries": 16223, "filter_policy_name": ""}}
2020/03/28-05:46:23.714509 7f23fff200 [/compaction_job.cc:1332] [usertable] [JOB 4] Generated table #1189: 16223 keys, 67326128 bytes
2020/03/28-05:46:23.714607 7f23fff200 EVENT_LOG_v1 {"time_micros": 1585374383714586, "cf_name": "usertable", "job": 4, "event": "table_file_creation", "file_number": 1189, "file_size": 67326128, "table_properties": {"data_size": 67114551, "index_size": 597931, "filter_size": 0, "raw_key_size": 389352, "raw_average_key_size": 24, "raw_value_size": 66449408, "raw_average_value_size": 4096, "num_data_blocks": 16223, "num_entries": 16223, "filter_policy_name": ""}}
2020/03/28-05:46:24.649644 7f23fff200 [/compaction_job.cc:1332] [usertable] [JOB 4] Generated table #1190: 12843 keys, 53299178 bytes
2020/03/28-05:46:24.649742 7f23fff200 EVENT_LOG_v1 {"time_micros": 1585374384649723, "cf_name": "usertable", "job": 4, "event": "table_file_creation", "file_number": 1190, "file_size": 53299178, "table_properties": {"data_size": 53131491, "index_size": 473247, "filter_size": 0, "raw_key_size": 308232, "raw_average_key_size": 24, "raw_value_size": 52604928, "raw_average_value_size": 4096, "num_data_blocks": 12843, "num_entries": 12843, "filter_policy_name": ""}}
