2020/03/31-04:20:41.415478 7f803c1200 RocksDB version: 6.1.2
2020/03/31-04:20:41.415633 7f803c1200 Git sha rocksdb_build_git_sha:2b38e2dd6602a17a2010308580fd5d8c91dea650
2020/03/31-04:20:41.415640 7f803c1200 Compile date Mar 25 2020
2020/03/31-04:20:41.415674 7f803c1200 DB SUMMARY
2020/03/31-04:20:41.415733 7f803c1200 SST files in /mnt/sda/mbwu-rocksdb-data dir, Total Num: 0, files: 
2020/03/31-04:20:41.415739 7f803c1200 Write Ahead Log file in /mnt/sda/mbwu-rocksdb-data: 
2020/03/31-04:20:41.415745 7f803c1200                         Options.error_if_exists: 0
2020/03/31-04:20:41.415749 7f803c1200                       Options.create_if_missing: 1
2020/03/31-04:20:41.415752 7f803c1200                         Options.paranoid_checks: 1
2020/03/31-04:20:41.415754 7f803c1200                                     Options.env: 0x7f787f9768
2020/03/31-04:20:41.415757 7f803c1200                                Options.info_log: 0x7f1c07aed0
2020/03/31-04:20:41.415760 7f803c1200                Options.max_file_opening_threads: 16
2020/03/31-04:20:41.415763 7f803c1200                              Options.statistics: (nil)
2020/03/31-04:20:41.415766 7f803c1200                               Options.use_fsync: 0
2020/03/31-04:20:41.415769 7f803c1200                       Options.max_log_file_size: 0
2020/03/31-04:20:41.415772 7f803c1200                  Options.max_manifest_file_size: 1073741824
2020/03/31-04:20:41.415775 7f803c1200                   Options.log_file_time_to_roll: 0
2020/03/31-04:20:41.415778 7f803c1200                       Options.keep_log_file_num: 1000
2020/03/31-04:20:41.415781 7f803c1200                    Options.recycle_log_file_num: 0
2020/03/31-04:20:41.415783 7f803c1200                         Options.allow_fallocate: 1
2020/03/31-04:20:41.415786 7f803c1200                        Options.allow_mmap_reads: 0
2020/03/31-04:20:41.415789 7f803c1200                       Options.allow_mmap_writes: 0
2020/03/31-04:20:41.415792 7f803c1200                        Options.use_direct_reads: 0
2020/03/31-04:20:41.415795 7f803c1200                        Options.use_direct_io_for_flush_and_compaction: 0
2020/03/31-04:20:41.415798 7f803c1200          Options.create_missing_column_families: 1
2020/03/31-04:20:41.415800 7f803c1200                              Options.db_log_dir: 
2020/03/31-04:20:41.415803 7f803c1200                                 Options.wal_dir: /mnt/sda/mbwu-rocksdb-data
2020/03/31-04:20:41.415806 7f803c1200                Options.table_cache_numshardbits: 6
2020/03/31-04:20:41.415808 7f803c1200                      Options.max_subcompactions: 1
2020/03/31-04:20:41.415811 7f803c1200                  Options.max_background_flushes: 6
2020/03/31-04:20:41.415813 7f803c1200                         Options.WAL_ttl_seconds: 0
2020/03/31-04:20:41.415816 7f803c1200                       Options.WAL_size_limit_MB: 0
2020/03/31-04:20:41.415819 7f803c1200             Options.manifest_preallocation_size: 4194304
2020/03/31-04:20:41.415821 7f803c1200                     Options.is_fd_close_on_exec: 1
2020/03/31-04:20:41.415824 7f803c1200                   Options.advise_random_on_open: 1
2020/03/31-04:20:41.415827 7f803c1200                    Options.db_write_buffer_size: 0
2020/03/31-04:20:41.415829 7f803c1200                    Options.write_buffer_manager: 0x7f1c073d50
2020/03/31-04:20:41.415832 7f803c1200         Options.access_hint_on_compaction_start: 1
2020/03/31-04:20:41.415834 7f803c1200  Options.new_table_reader_for_compaction_inputs: 0
2020/03/31-04:20:41.415837 7f803c1200           Options.random_access_max_buffer_size: 1048576
2020/03/31-04:20:41.415840 7f803c1200                      Options.use_adaptive_mutex: 0
2020/03/31-04:20:41.415842 7f803c1200                            Options.rate_limiter: (nil)
2020/03/31-04:20:41.415848 7f803c1200     Options.sst_file_manager.rate_bytes_per_sec: 0
2020/03/31-04:20:41.415851 7f803c1200                       Options.wal_recovery_mode: 2
2020/03/31-04:20:41.415853 7f803c1200                  Options.enable_thread_tracking: 0
2020/03/31-04:20:41.415856 7f803c1200                  Options.enable_pipelined_write: 0
2020/03/31-04:20:41.415859 7f803c1200         Options.allow_concurrent_memtable_write: 1
2020/03/31-04:20:41.415877 7f803c1200      Options.enable_write_thread_adaptive_yield: 1
2020/03/31-04:20:41.415881 7f803c1200             Options.write_thread_max_yield_usec: 100
2020/03/31-04:20:41.415884 7f803c1200            Options.write_thread_slow_yield_usec: 3
2020/03/31-04:20:41.415887 7f803c1200                               Options.row_cache: None
2020/03/31-04:20:41.415890 7f803c1200                              Options.wal_filter: None
2020/03/31-04:20:41.415892 7f803c1200             Options.avoid_flush_during_recovery: 0
2020/03/31-04:20:41.415895 7f803c1200             Options.allow_ingest_behind: 0
2020/03/31-04:20:41.415898 7f803c1200             Options.preserve_deletes: 0
2020/03/31-04:20:41.415900 7f803c1200             Options.two_write_queues: 0
2020/03/31-04:20:41.415903 7f803c1200             Options.manual_wal_flush: 0
2020/03/31-04:20:41.415905 7f803c1200             Options.atomic_flush: 0
2020/03/31-04:20:41.415908 7f803c1200             Options.avoid_unnecessary_blocking_io: 0
2020/03/31-04:20:41.415913 7f803c1200             Options.max_background_jobs: 6
2020/03/31-04:20:41.415915 7f803c1200             Options.max_background_compactions: 6
2020/03/31-04:20:41.415918 7f803c1200             Options.avoid_flush_during_shutdown: 0
2020/03/31-04:20:41.415921 7f803c1200           Options.writable_file_max_buffer_size: 1048576
2020/03/31-04:20:41.415924 7f803c1200             Options.delayed_write_rate : 16777216
2020/03/31-04:20:41.415926 7f803c1200             Options.max_total_wal_size: 0
2020/03/31-04:20:41.415929 7f803c1200             Options.delete_obsolete_files_period_micros: 21600000000
2020/03/31-04:20:41.415932 7f803c1200                   Options.stats_dump_period_sec: 600
2020/03/31-04:20:41.415934 7f803c1200                 Options.stats_persist_period_sec: 600
2020/03/31-04:20:41.415937 7f803c1200                 Options.stats_history_buffer_size: 1048576
2020/03/31-04:20:41.415939 7f803c1200                          Options.max_open_files: -1
2020/03/31-04:20:41.415942 7f803c1200                          Options.bytes_per_sync: 1048576
2020/03/31-04:20:41.415945 7f803c1200                      Options.wal_bytes_per_sync: 0
2020/03/31-04:20:41.415948 7f803c1200       Options.compaction_readahead_size: 0
2020/03/31-04:20:41.415950 7f803c1200 Compression algorithms supported:
2020/03/31-04:20:41.415954 7f803c1200 	kZSTDNotFinalCompression supported: 1
2020/03/31-04:20:41.415985 7f803c1200 	kZSTD supported: 1
2020/03/31-04:20:41.415990 7f803c1200 	kXpressCompression supported: 0
2020/03/31-04:20:41.415993 7f803c1200 	kLZ4HCCompression supported: 1
2020/03/31-04:20:41.415997 7f803c1200 	kLZ4Compression supported: 1
2020/03/31-04:20:41.415999 7f803c1200 	kBZip2Compression supported: 1
2020/03/31-04:20:41.416002 7f803c1200 	kZlibCompression supported: 1
2020/03/31-04:20:41.416005 7f803c1200 	kSnappyCompression supported: 1
2020/03/31-04:20:41.416013 7f803c1200 Fast CRC32 supported: Not supported on x86
2020/03/31-04:20:41.416222 7f803c1200 [/db_impl_open.cc:228] Creating manifest 1 
2020/03/31-04:20:41.531370 7f803c1200 [/version_set.cc:3543] Recovering from manifest file: /mnt/sda/mbwu-rocksdb-data/MANIFEST-000001
2020/03/31-04:20:41.531798 7f803c1200 [/column_family.cc:477] --------------- Options for column family [default]:
2020/03/31-04:20:41.531815 7f803c1200               Options.comparator: leveldb.BytewiseComparator
2020/03/31-04:20:41.531822 7f803c1200           Options.merge_operator: None
2020/03/31-04:20:41.531829 7f803c1200        Options.compaction_filter: None
2020/03/31-04:20:41.531835 7f803c1200        Options.compaction_filter_factory: None
2020/03/31-04:20:41.531841 7f803c1200         Options.memtable_factory: SkipListFactory
2020/03/31-04:20:41.531847 7f803c1200            Options.table_factory: BlockBasedTable
2020/03/31-04:20:41.531961 7f803c1200            table_factory options:   flush_block_policy_factory: FlushBlockBySizePolicyFactory (0x7f1c074040)
  cache_index_and_filter_blocks: 0
  cache_index_and_filter_blocks_with_high_priority: 0
  pin_l0_filter_and_index_blocks_in_cache: 0
  pin_top_level_index_and_filter: 1
  index_type: 0
  data_block_index_type: 0
  data_block_hash_table_util_ratio: 0.750000
  hash_index_allow_collision: 1
  checksum: 1
  no_block_cache: 0
  block_cache: 0x7f1c074150
  block_cache_name: LRUCache
  block_cache_options:
    capacity : 8388608
    num_shard_bits : 4
    strict_capacity_limit : 0
    memory_allocator : None
    high_pri_pool_ratio: 0.000
  block_cache_compressed: (nil)
  persistent_cache: (nil)
  block_size: 4096
  block_size_deviation: 10
  block_restart_interval: 16
  index_block_restart_interval: 1
  metadata_block_size: 4096
  partition_filters: 0
  use_delta_encoding: 1
  filter_policy: nullptr
  whole_key_filtering: 1
  verify_compression: 0
  read_amp_bytes_per_bit: 0
  format_version: 2
  enable_index_compression: 1
  block_align: 0
2020/03/31-04:20:41.532038 7f803c1200        Options.write_buffer_size: 134217728
2020/03/31-04:20:41.532046 7f803c1200  Options.max_write_buffer_number: 6
2020/03/31-04:20:41.532053 7f803c1200        Options.compression[0]: NoCompression
2020/03/31-04:20:41.532059 7f803c1200        Options.compression[1]: NoCompression
2020/03/31-04:20:41.532065 7f803c1200        Options.compression[2]: Snappy
2020/03/31-04:20:41.532071 7f803c1200        Options.compression[3]: Snappy
2020/03/31-04:20:41.532077 7f803c1200        Options.compression[4]: Snappy
2020/03/31-04:20:41.532083 7f803c1200        Options.compression[5]: Snappy
2020/03/31-04:20:41.532088 7f803c1200        Options.compression[6]: Snappy
2020/03/31-04:20:41.532095 7f803c1200                  Options.bottommost_compression: Disabled
2020/03/31-04:20:41.532101 7f803c1200       Options.prefix_extractor: nullptr
2020/03/31-04:20:41.532106 7f803c1200   Options.memtable_insert_with_hint_prefix_extractor: nullptr
2020/03/31-04:20:41.532112 7f803c1200             Options.num_levels: 7
2020/03/31-04:20:41.532118 7f803c1200        Options.min_write_buffer_number_to_merge: 2
2020/03/31-04:20:41.532124 7f803c1200     Options.max_write_buffer_number_to_maintain: 0
2020/03/31-04:20:41.532130 7f803c1200            Options.bottommost_compression_opts.window_bits: -14
2020/03/31-04:20:41.532135 7f803c1200                  Options.bottommost_compression_opts.level: 32767
2020/03/31-04:20:41.532141 7f803c1200               Options.bottommost_compression_opts.strategy: 0
2020/03/31-04:20:41.532147 7f803c1200         Options.bottommost_compression_opts.max_dict_bytes: 0
2020/03/31-04:20:41.532153 7f803c1200         Options.bottommost_compression_opts.zstd_max_train_bytes: 0
2020/03/31-04:20:41.532158 7f803c1200                  Options.bottommost_compression_opts.enabled: false
2020/03/31-04:20:41.532164 7f803c1200            Options.compression_opts.window_bits: -14
2020/03/31-04:20:41.532170 7f803c1200                  Options.compression_opts.level: 32767
2020/03/31-04:20:41.532176 7f803c1200               Options.compression_opts.strategy: 0
2020/03/31-04:20:41.532181 7f803c1200         Options.compression_opts.max_dict_bytes: 0
2020/03/31-04:20:41.532187 7f803c1200         Options.compression_opts.zstd_max_train_bytes: 0
2020/03/31-04:20:41.532193 7f803c1200                  Options.compression_opts.enabled: false
2020/03/31-04:20:41.532198 7f803c1200      Options.level0_file_num_compaction_trigger: 2
2020/03/31-04:20:41.532204 7f803c1200          Options.level0_slowdown_writes_trigger: 20
2020/03/31-04:20:41.532210 7f803c1200              Options.level0_stop_writes_trigger: 36
2020/03/31-04:20:41.532216 7f803c1200                   Options.target_file_size_base: 67108864
2020/03/31-04:20:41.532221 7f803c1200             Options.target_file_size_multiplier: 1
2020/03/31-04:20:41.532227 7f803c1200                Options.max_bytes_for_level_base: 536870912
2020/03/31-04:20:41.532233 7f803c1200 Options.level_compaction_dynamic_level_bytes: 0
2020/03/31-04:20:41.532238 7f803c1200          Options.max_bytes_for_level_multiplier: 10.000000
2020/03/31-04:20:41.532249 7f803c1200 Options.max_bytes_for_level_multiplier_addtl[0]: 1
2020/03/31-04:20:41.532276 7f803c1200 Options.max_bytes_for_level_multiplier_addtl[1]: 1
2020/03/31-04:20:41.532284 7f803c1200 Options.max_bytes_for_level_multiplier_addtl[2]: 1
2020/03/31-04:20:41.532289 7f803c1200 Options.max_bytes_for_level_multiplier_addtl[3]: 1
2020/03/31-04:20:41.532295 7f803c1200 Options.max_bytes_for_level_multiplier_addtl[4]: 1
2020/03/31-04:20:41.532301 7f803c1200 Options.max_bytes_for_level_multiplier_addtl[5]: 1
2020/03/31-04:20:41.532307 7f803c1200 Options.max_bytes_for_level_multiplier_addtl[6]: 1
2020/03/31-04:20:41.532312 7f803c1200       Options.max_sequential_skip_in_iterations: 8
2020/03/31-04:20:41.532318 7f803c1200                    Options.max_compaction_bytes: 1677721600
2020/03/31-04:20:41.532324 7f803c1200                        Options.arena_block_size: 16777216
2020/03/31-04:20:41.532330 7f803c1200   Options.soft_pending_compaction_bytes_limit: 68719476736
2020/03/31-04:20:41.532336 7f803c1200   Options.hard_pending_compaction_bytes_limit: 274877906944
2020/03/31-04:20:41.532342 7f803c1200       Options.rate_limit_delay_max_milliseconds: 100
2020/03/31-04:20:41.532347 7f803c1200                Options.disable_auto_compactions: 0
2020/03/31-04:20:41.532355 7f803c1200                        Options.compaction_style: kCompactionStyleLevel
2020/03/31-04:20:41.532363 7f803c1200                          Options.compaction_pri: kMinOverlappingRatio
2020/03/31-04:20:41.532369 7f803c1200 Options.compaction_options_universal.size_ratio: 1
2020/03/31-04:20:41.532375 7f803c1200 Options.compaction_options_universal.min_merge_width: 2
2020/03/31-04:20:41.532381 7f803c1200 Options.compaction_options_universal.max_merge_width: 4294967295
2020/03/31-04:20:41.532387 7f803c1200 Options.compaction_options_universal.max_size_amplification_percent: 200
2020/03/31-04:20:41.532392 7f803c1200 Options.compaction_options_universal.compression_size_percent: -1
2020/03/31-04:20:41.532399 7f803c1200 Options.compaction_options_universal.stop_style: kCompactionStopStyleTotalSize
2020/03/31-04:20:41.532405 7f803c1200 Options.compaction_options_fifo.max_table_files_size: 1073741824
2020/03/31-04:20:41.532411 7f803c1200 Options.compaction_options_fifo.allow_compaction: 0
2020/03/31-04:20:41.532417 7f803c1200                   Options.table_properties_collectors: 
2020/03/31-04:20:41.532423 7f803c1200                   Options.inplace_update_support: 0
2020/03/31-04:20:41.532429 7f803c1200                 Options.inplace_update_num_locks: 10000
2020/03/31-04:20:41.532435 7f803c1200               Options.memtable_prefix_bloom_size_ratio: 0.000000
2020/03/31-04:20:41.532442 7f803c1200               Options.memtable_whole_key_filtering: 0
2020/03/31-04:20:41.532448 7f803c1200   Options.memtable_huge_page_size: 0
2020/03/31-04:20:41.532454 7f803c1200                           Options.bloom_locality: 0
2020/03/31-04:20:41.532459 7f803c1200                    Options.max_successive_merges: 0
2020/03/31-04:20:41.532465 7f803c1200                Options.optimize_filters_for_hits: 0
2020/03/31-04:20:41.532471 7f803c1200                Options.paranoid_file_checks: 0
2020/03/31-04:20:41.532476 7f803c1200                Options.force_consistency_checks: 0
2020/03/31-04:20:41.532482 7f803c1200                Options.report_bg_io_stats: 0
2020/03/31-04:20:41.532487 7f803c1200                               Options.ttl: 0
2020/03/31-04:20:41.534647 7f803c1200 [/version_set.cc:3757] Recovered from manifest file:/mnt/sda/mbwu-rocksdb-data/MANIFEST-000001 succeeded,manifest_file_number is 1, next_file_number is 3, last_sequence is 0, log_number is 0,prev_log_number is 0,max_column_family is 0,min_log_number_to_keep is 0
2020/03/31-04:20:41.534692 7f803c1200 [/version_set.cc:3766] Column family [default] (ID 0), log number is 0
2020/03/31-04:20:41.535547 7f803c1200 [/version_set.cc:3036] Creating manifest 4
2020/03/31-04:20:41.608591 7f803c1200 [/column_family.cc:477] --------------- Options for column family [usertable]:
2020/03/31-04:20:41.608633 7f803c1200               Options.comparator: leveldb.BytewiseComparator
2020/03/31-04:20:41.608640 7f803c1200           Options.merge_operator: None
2020/03/31-04:20:41.608647 7f803c1200        Options.compaction_filter: None
2020/03/31-04:20:41.608652 7f803c1200        Options.compaction_filter_factory: None
2020/03/31-04:20:41.608658 7f803c1200         Options.memtable_factory: SkipListFactory
2020/03/31-04:20:41.608664 7f803c1200            Options.table_factory: BlockBasedTable
2020/03/31-04:20:41.608762 7f803c1200            table_factory options:   flush_block_policy_factory: FlushBlockBySizePolicyFactory (0x7f1c06b590)
  cache_index_and_filter_blocks: 0
  cache_index_and_filter_blocks_with_high_priority: 0
  pin_l0_filter_and_index_blocks_in_cache: 0
  pin_top_level_index_and_filter: 1
  index_type: 0
  data_block_index_type: 0
  data_block_hash_table_util_ratio: 0.750000
  hash_index_allow_collision: 1
  checksum: 1
  no_block_cache: 0
  block_cache: 0x7f1c07b700
  block_cache_name: LRUCache
  block_cache_options:
    capacity : 8388608
    num_shard_bits : 4
    strict_capacity_limit : 0
    memory_allocator : None
    high_pri_pool_ratio: 0.000
  block_cache_compressed: (nil)
  persistent_cache: (nil)
  block_size: 4096
  block_size_deviation: 10
  block_restart_interval: 16
  index_block_restart_interval: 1
  metadata_block_size: 4096
  partition_filters: 0
  use_delta_encoding: 1
  filter_policy: nullptr
  whole_key_filtering: 1
  verify_compression: 0
  read_amp_bytes_per_bit: 0
  format_version: 2
  enable_index_compression: 1
  block_align: 0
2020/03/31-04:20:41.608774 7f803c1200        Options.write_buffer_size: 134217728
2020/03/31-04:20:41.608781 7f803c1200  Options.max_write_buffer_number: 6
2020/03/31-04:20:41.608787 7f803c1200        Options.compression[0]: NoCompression
2020/03/31-04:20:41.608794 7f803c1200        Options.compression[1]: NoCompression
2020/03/31-04:20:41.608800 7f803c1200        Options.compression[2]: Snappy
2020/03/31-04:20:41.608806 7f803c1200        Options.compression[3]: Snappy
2020/03/31-04:20:41.608812 7f803c1200        Options.compression[4]: Snappy
2020/03/31-04:20:41.608817 7f803c1200        Options.compression[5]: Snappy
2020/03/31-04:20:41.608823 7f803c1200        Options.compression[6]: Snappy
2020/03/31-04:20:41.608829 7f803c1200                  Options.bottommost_compression: Disabled
2020/03/31-04:20:41.608835 7f803c1200       Options.prefix_extractor: nullptr
2020/03/31-04:20:41.608841 7f803c1200   Options.memtable_insert_with_hint_prefix_extractor: nullptr
2020/03/31-04:20:41.608847 7f803c1200             Options.num_levels: 7
2020/03/31-04:20:41.608853 7f803c1200        Options.min_write_buffer_number_to_merge: 2
2020/03/31-04:20:41.608859 7f803c1200     Options.max_write_buffer_number_to_maintain: 0
2020/03/31-04:20:41.608864 7f803c1200            Options.bottommost_compression_opts.window_bits: -14
2020/03/31-04:20:41.608870 7f803c1200                  Options.bottommost_compression_opts.level: 32767
2020/03/31-04:20:41.608876 7f803c1200               Options.bottommost_compression_opts.strategy: 0
2020/03/31-04:20:41.608881 7f803c1200         Options.bottommost_compression_opts.max_dict_bytes: 0
2020/03/31-04:20:41.608887 7f803c1200         Options.bottommost_compression_opts.zstd_max_train_bytes: 0
2020/03/31-04:20:41.608893 7f803c1200                  Options.bottommost_compression_opts.enabled: false
2020/03/31-04:20:41.608899 7f803c1200            Options.compression_opts.window_bits: -14
2020/03/31-04:20:41.608905 7f803c1200                  Options.compression_opts.level: 32767
2020/03/31-04:20:41.608911 7f803c1200               Options.compression_opts.strategy: 0
2020/03/31-04:20:41.608916 7f803c1200         Options.compression_opts.max_dict_bytes: 0
2020/03/31-04:20:41.608922 7f803c1200         Options.compression_opts.zstd_max_train_bytes: 0
2020/03/31-04:20:41.608928 7f803c1200                  Options.compression_opts.enabled: false
2020/03/31-04:20:41.608981 7f803c1200      Options.level0_file_num_compaction_trigger: 2
2020/03/31-04:20:41.608989 7f803c1200          Options.level0_slowdown_writes_trigger: 20
2020/03/31-04:20:41.608995 7f803c1200              Options.level0_stop_writes_trigger: 36
2020/03/31-04:20:41.609001 7f803c1200                   Options.target_file_size_base: 67108864
2020/03/31-04:20:41.609006 7f803c1200             Options.target_file_size_multiplier: 1
2020/03/31-04:20:41.609012 7f803c1200                Options.max_bytes_for_level_base: 536870912
2020/03/31-04:20:41.609018 7f803c1200 Options.level_compaction_dynamic_level_bytes: 0
2020/03/31-04:20:41.609024 7f803c1200          Options.max_bytes_for_level_multiplier: 10.000000
2020/03/31-04:20:41.609035 7f803c1200 Options.max_bytes_for_level_multiplier_addtl[0]: 1
2020/03/31-04:20:41.609041 7f803c1200 Options.max_bytes_for_level_multiplier_addtl[1]: 1
2020/03/31-04:20:41.609047 7f803c1200 Options.max_bytes_for_level_multiplier_addtl[2]: 1
2020/03/31-04:20:41.609053 7f803c1200 Options.max_bytes_for_level_multiplier_addtl[3]: 1
2020/03/31-04:20:41.609059 7f803c1200 Options.max_bytes_for_level_multiplier_addtl[4]: 1
2020/03/31-04:20:41.609065 7f803c1200 Options.max_bytes_for_level_multiplier_addtl[5]: 1
2020/03/31-04:20:41.609070 7f803c1200 Options.max_bytes_for_level_multiplier_addtl[6]: 1
2020/03/31-04:20:41.609076 7f803c1200       Options.max_sequential_skip_in_iterations: 8
2020/03/31-04:20:41.609082 7f803c1200                    Options.max_compaction_bytes: 1677721600
2020/03/31-04:20:41.609088 7f803c1200                        Options.arena_block_size: 16777216
2020/03/31-04:20:41.609094 7f803c1200   Options.soft_pending_compaction_bytes_limit: 68719476736
2020/03/31-04:20:41.609100 7f803c1200   Options.hard_pending_compaction_bytes_limit: 274877906944
2020/03/31-04:20:41.609105 7f803c1200       Options.rate_limit_delay_max_milliseconds: 100
2020/03/31-04:20:41.609111 7f803c1200                Options.disable_auto_compactions: 0
2020/03/31-04:20:41.609119 7f803c1200                        Options.compaction_style: kCompactionStyleLevel
2020/03/31-04:20:41.609127 7f803c1200                          Options.compaction_pri: kMinOverlappingRatio
2020/03/31-04:20:41.609133 7f803c1200 Options.compaction_options_universal.size_ratio: 1
2020/03/31-04:20:41.609139 7f803c1200 Options.compaction_options_universal.min_merge_width: 2
2020/03/31-04:20:41.609145 7f803c1200 Options.compaction_options_universal.max_merge_width: 4294967295
2020/03/31-04:20:41.609151 7f803c1200 Options.compaction_options_universal.max_size_amplification_percent: 200
2020/03/31-04:20:41.609157 7f803c1200 Options.compaction_options_universal.compression_size_percent: -1
2020/03/31-04:20:41.609164 7f803c1200 Options.compaction_options_universal.stop_style: kCompactionStopStyleTotalSize
2020/03/31-04:20:41.609170 7f803c1200 Options.compaction_options_fifo.max_table_files_size: 1073741824
2020/03/31-04:20:41.609176 7f803c1200 Options.compaction_options_fifo.allow_compaction: 0
2020/03/31-04:20:41.609182 7f803c1200                   Options.table_properties_collectors: 
2020/03/31-04:20:41.609188 7f803c1200                   Options.inplace_update_support: 0
2020/03/31-04:20:41.609194 7f803c1200                 Options.inplace_update_num_locks: 10000
2020/03/31-04:20:41.609199 7f803c1200               Options.memtable_prefix_bloom_size_ratio: 0.000000
2020/03/31-04:20:41.609206 7f803c1200               Options.memtable_whole_key_filtering: 0
2020/03/31-04:20:41.609212 7f803c1200   Options.memtable_huge_page_size: 0
2020/03/31-04:20:41.609218 7f803c1200                           Options.bloom_locality: 0
2020/03/31-04:20:41.609224 7f803c1200                    Options.max_successive_merges: 0
2020/03/31-04:20:41.609229 7f803c1200                Options.optimize_filters_for_hits: 0
2020/03/31-04:20:41.609235 7f803c1200                Options.paranoid_file_checks: 0
2020/03/31-04:20:41.609241 7f803c1200                Options.force_consistency_checks: 0
2020/03/31-04:20:41.609247 7f803c1200                Options.report_bg_io_stats: 0
2020/03/31-04:20:41.609272 7f803c1200                               Options.ttl: 0
2020/03/31-04:20:41.609495 7f803c1200 [/db_impl.cc:1806] Created column family [usertable] (ID 1)
2020/03/31-04:20:41.700636 7f803c1200 DB pointer 0x7f1c079c90
2020/03/31-04:20:41.704805 7ede7ff200 [/db_impl.cc:777] ------- DUMPING STATS -------
2020/03/31-04:20:41.705002 7ede7ff200 [/db_impl.cc:778] 
** DB Stats **
Uptime(secs): 0.2 total, 0.2 interval
Cumulative writes: 0 writes, 0 keys, 0 commit groups, 0.0 writes per commit group, ingest: 0.00 GB, 0.00 MB/s
Cumulative WAL: 0 writes, 0 syncs, 0.00 writes per sync, written: 0.00 GB, 0.00 MB/s
Cumulative stall: 00:00:0.000 H:M:S, 0.0 percent
Interval writes: 0 writes, 0 keys, 0 commit groups, 0.0 writes per commit group, ingest: 0.00 MB, 0.00 MB/s
Interval WAL: 0 writes, 0 syncs, 0.00 writes per sync, written: 0.00 MB, 0.00 MB/s
Interval stall: 00:00:0.000 H:M:S, 0.0 percent

** Compaction Stats [default] **
Level    Files   Size     Score Read(GB)  Rn(GB) Rnp1(GB) Write(GB) Wnew(GB) Moved(GB) W-Amp Rd(MB/s) Wr(MB/s) Comp(sec) CompMergeCPU(sec) Comp(cnt) Avg(sec) KeyIn KeyDrop
----------------------------------------------------------------------------------------------------------------------------------------------------------------------------
 Sum      0/0    0.00 KB   0.0      0.0     0.0      0.0       0.0      0.0       0.0   0.0      0.0      0.0      0.00              0.00         0    0.000       0      0
 Int      0/0    0.00 KB   0.0      0.0     0.0      0.0       0.0      0.0       0.0   0.0      0.0      0.0      0.00              0.00         0    0.000       0      0

** Compaction Stats [default] **
Priority    Files   Size     Score Read(GB)  Rn(GB) Rnp1(GB) Write(GB) Wnew(GB) Moved(GB) W-Amp Rd(MB/s) Wr(MB/s) Comp(sec) CompMergeCPU(sec) Comp(cnt) Avg(sec) KeyIn KeyDrop
-------------------------------------------------------------------------------------------------------------------------------------------------------------------------------
Uptime(secs): 0.2 total, 0.2 interval
Flush(GB): cumulative 0.000, interval 0.000
AddFile(GB): cumulative 0.000, interval 0.000
AddFile(Total Files): cumulative 0, interval 0
AddFile(L0 Files): cumulative 0, interval 0
AddFile(Keys): cumulative 0, interval 0
Cumulative compaction: 0.00 GB write, 0.00 MB/s write, 0.00 GB read, 0.00 MB/s read, 0.0 seconds
Interval compaction: 0.00 GB write, 0.00 MB/s write, 0.00 GB read, 0.00 MB/s read, 0.0 seconds
Stalls(count): 0 level0_slowdown, 0 level0_slowdown_with_compaction, 0 level0_numfiles, 0 level0_numfiles_with_compaction, 0 stop for pending_compaction_bytes, 0 slowdown for pending_compaction_bytes, 0 memtable_compaction, 0 memtable_slowdown, interval 0 total count

** File Read Latency Histogram By Level [default] **

** Compaction Stats [usertable] **
Level    Files   Size     Score Read(GB)  Rn(GB) Rnp1(GB) Write(GB) Wnew(GB) Moved(GB) W-Amp Rd(MB/s) Wr(MB/s) Comp(sec) CompMergeCPU(sec) Comp(cnt) Avg(sec) KeyIn KeyDrop
----------------------------------------------------------------------------------------------------------------------------------------------------------------------------
 Sum      0/0    0.00 KB   0.0      0.0     0.0      0.0       0.0      0.0       0.0   0.0      0.0      0.0      0.00              0.00         0    0.000       0      0
 Int      0/0    0.00 KB   0.0      0.0     0.0      0.0       0.0      0.0       0.0   0.0      0.0      0.0      0.00              0.00         0    0.000       0      0

** Compaction Stats [usertable] **
Priority    Files   Size     Score Read(GB)  Rn(GB) Rnp1(GB) Write(GB) Wnew(GB) Moved(GB) W-Amp Rd(MB/s) Wr(MB/s) Comp(sec) CompMergeCPU(sec) Comp(cnt) Avg(sec) KeyIn KeyDrop
-------------------------------------------------------------------------------------------------------------------------------------------------------------------------------
Uptime(secs): 0.1 total, 0.1 interval
Flush(GB): cumulative 0.000, interval 0.000
AddFile(GB): cumulative 0.000, interval 0.000
AddFile(Total Files): cumulative 0, interval 0
AddFile(L0 Files): cumulative 0, interval 0
AddFile(Keys): cumulative 0, interval 0
Cumulative compaction: 0.00 GB write, 0.00 MB/s write, 0.00 GB read, 0.00 MB/s read, 0.0 seconds
Interval compaction: 0.00 GB write, 0.00 MB/s write, 0.00 GB read, 0.00 MB/s read, 0.0 seconds
Stalls(count): 0 level0_slowdown, 0 level0_slowdown_with_compaction, 0 level0_numfiles, 0 level0_numfiles_with_compaction, 0 stop for pending_compaction_bytes, 0 slowdown for pending_compaction_bytes, 0 memtable_compaction, 0 memtable_slowdown, interval 0 total count

** File Read Latency Histogram By Level [usertable] **

** Compaction Stats [default] **
Level    Files   Size     Score Read(GB)  Rn(GB) Rnp1(GB) Write(GB) Wnew(GB) Moved(GB) W-Amp Rd(MB/s) Wr(MB/s) Comp(sec) CompMergeCPU(sec) Comp(cnt) Avg(sec) KeyIn KeyDrop
----------------------------------------------------------------------------------------------------------------------------------------------------------------------------
 Sum      0/0    0.00 KB   0.0      0.0     0.0      0.0       0.0      0.0       0.0   0.0      0.0      0.0      0.00              0.00         0    0.000       0      0
 Int      0/0    0.00 KB   0.0      0.0     0.0      0.0       0.0      0.0       0.0   0.0      0.0      0.0      0.00              0.00         0    0.000       0      0

** Compaction Stats [default] **
Priority    Files   Size     Score Read(GB)  Rn(GB) Rnp1(GB) Write(GB) Wnew(GB) Moved(GB) W-Amp Rd(MB/s) Wr(MB/s) Comp(sec) CompMergeCPU(sec) Comp(cnt) Avg(sec) KeyIn KeyDrop
-------------------------------------------------------------------------------------------------------------------------------------------------------------------------------
Uptime(secs): 0.2 total, 0.0 interval
Flush(GB): cumulative 0.000, interval 0.000
AddFile(GB): cumulative 0.000, interval 0.000
AddFile(Total Files): cumulative 0, interval 0
AddFile(L0 Files): cumulative 0, interval 0
AddFile(Keys): cumulative 0, interval 0
Cumulative compaction: 0.00 GB write, 0.00 MB/s write, 0.00 GB read, 0.00 MB/s read, 0.0 seconds
Interval compaction: 0.00 GB write, 0.00 MB/s write, 0.00 GB read, 0.00 MB/s read, 0.0 seconds
Stalls(count): 0 level0_slowdown, 0 level0_slowdown_with_compaction, 0 level0_numfiles, 0 level0_numfiles_with_compaction, 0 stop for pending_compaction_bytes, 0 slowdown for pending_compaction_bytes, 0 memtable_compaction, 0 memtable_slowdown, interval 0 total count

** File Read Latency Histogram By Level [default] **

** Compaction Stats [usertable] **
Level    Files   Size     Score Read(GB)  Rn(GB) Rnp1(GB) Write(GB) Wnew(GB) Moved(GB) W-Amp Rd(MB/s) Wr(MB/s) Comp(sec) CompMergeCPU(sec) Comp(cnt) Avg(sec) KeyIn KeyDrop
----------------------------------------------------------------------------------------------------------------------------------------------------------------------------
 Sum      0/0    0.00 KB   0.0      0.0     0.0      0.0       0.0      0.0       0.0   0.0      0.0      0.0      0.00              0.00         0    0.000       0      0
 Int      0/0    0.00 KB   0.0      0.0     0.0      0.0       0.0      0.0       0.0   0.0      0.0      0.0      0.00              0.00         0    0.000       0      0

** Compaction Stats [usertable] **
Priority    Files   Size     Score Read(GB)  Rn(GB) Rnp1(GB) Write(GB) Wnew(GB) Moved(GB) W-Amp Rd(MB/s) Wr(MB/s) Comp(sec) CompMergeCPU(sec) Comp(cnt) Avg(sec) KeyIn KeyDrop
-------------------------------------------------------------------------------------------------------------------------------------------------------------------------------
Uptime(secs): 0.1 total, 0.0 interval
Flush(GB): cumulative 0.000, interval 0.000
AddFile(GB): cumulative 0.000, interval 0.000
AddFile(Total Files): cumulative 0, interval 0
AddFile(L0 Files): cumulative 0, interval 0
AddFile(Keys): cumulative 0, interval 0
Cumulative compaction: 0.00 GB write, 0.00 MB/s write, 0.00 GB read, 0.00 MB/s read, 0.0 seconds
Interval compaction: 0.00 GB write, 0.00 MB/s write, 0.00 GB read, 0.00 MB/s read, 0.0 seconds
Stalls(count): 0 level0_slowdown, 0 level0_slowdown_with_compaction, 0 level0_numfiles, 0 level0_numfiles_with_compaction, 0 stop for pending_compaction_bytes, 0 slowdown for pending_compaction_bytes, 0 memtable_compaction, 0 memtable_slowdown, interval 0 total count

** File Read Latency Histogram By Level [usertable] **
2020/03/31-04:21:21.437937 7f043fe200 [/db_impl_write.cc:1470] [usertable] New memtable created with log file: #9. Immutable memtables: 0.
2020/03/31-04:22:03.131993 7ef7dff200 [/db_impl_write.cc:1470] [usertable] New memtable created with log file: #10. Immutable memtables: 1.
2020/03/31-04:22:03.138627 7f06fff200 [/db_impl_compaction_flush.cc:108] [JOB 8] Syncing log #3
2020/03/31-04:22:03.138883 7f06fff200 [/db_impl_compaction_flush.cc:108] [JOB 8] Syncing log #9
2020/03/31-04:22:03.297122 7f06fff200 (Original Log Time 2020/03/31-04:22:03.138475) [/db_impl_compaction_flush.cc:2073] Calling FlushMemTableToOutputFile with column family [usertable], flush slots available 6, compaction slots available 1, flush slots scheduled 6, compaction slots scheduled 0
2020/03/31-04:22:03.297150 7f06fff200 [/flush_job.cc:322] [usertable] [JOB 8] Flushing memtable with next log file: 9
2020/03/31-04:22:03.297174 7f06fff200 [/flush_job.cc:322] [usertable] [JOB 8] Flushing memtable with next log file: 10
2020/03/31-04:22:03.297257 7f06fff200 EVENT_LOG_v1 {"time_micros": 1585628523297227, "job": 8, "event": "flush_started", "num_memtables": 2, "num_entries": 61512, "num_deletes": 0, "total_data_size": 253613976, "memory_usage": 260120472, "flush_reason": "Write Buffer Full"}
2020/03/31-04:22:03.297270 7f06fff200 [/flush_job.cc:351] [usertable] [JOB 8] Level-0 flush table #11: started
2020/03/31-04:22:05.096343 7f06fff200 EVENT_LOG_v1 {"time_micros": 1585628525096319, "cf_name": "usertable", "job": 8, "event": "table_file_creation", "file_number": 11, "file_size": 256744489, "table_properties": {"data_size": 254475144, "index_size": 2268593, "filter_size": 0, "raw_key_size": 1476288, "raw_average_key_size": 24, "raw_value_size": 251953152, "raw_average_value_size": 4096, "num_data_blocks": 61512, "num_entries": 61512, "filter_policy_name": ""}}
2020/03/31-04:22:05.096433 7f06fff200 [/flush_job.cc:392] [usertable] [JOB 8] Level-0 flush table #11: 256744489 bytes OK
2020/03/31-04:22:05.124549 7f06fff200 (Original Log Time 2020/03/31-04:22:05.096476) [/memtable_list.cc:380] [usertable] Level-0 commit table #11 started
2020/03/31-04:22:05.124556 7f06fff200 (Original Log Time 2020/03/31-04:22:05.124315) [/memtable_list.cc:428] [usertable] Level-0 commit table #11: memtable #1 done
2020/03/31-04:22:05.124560 7f06fff200 (Original Log Time 2020/03/31-04:22:05.124334) [/memtable_list.cc:428] [usertable] Level-0 commit table #11: memtable #2 done
2020/03/31-04:22:05.124565 7f06fff200 (Original Log Time 2020/03/31-04:22:05.124387) EVENT_LOG_v1 {"time_micros": 1585628525124368, "job": 8, "event": "flush_finished", "output_compression": "NoCompression", "lsm_state": [1, 0, 0, 0, 0, 0, 0], "immutable_memtables": 0}
2020/03/31-04:22:05.124569 7f06fff200 (Original Log Time 2020/03/31-04:22:05.124437) [/db_impl_compaction_flush.cc:201] [usertable] Level summary: files[1 0 0 0 0 0 0] max score 0.50
2020/03/31-04:22:05.124589 7f06fff200 [/db_impl_files.cc:356] [JOB 8] Try to delete WAL files size 253455480, prev total WAL file size 258770886, number of live WAL files 3.
2020/03/31-04:22:45.330790 7f043fe200 [/db_impl_write.cc:1470] [usertable] New memtable created with log file: #12. Immutable memtables: 0.
2020/03/31-04:23:24.234907 7f043fe200 [/db_impl_write.cc:1470] [usertable] New memtable created with log file: #13. Immutable memtables: 1.
2020/03/31-04:23:24.235275 7f07fff200 [/db_impl_compaction_flush.cc:108] [JOB 22] Syncing log #10
2020/03/31-04:23:24.250038 7f07fff200 [/db_impl_compaction_flush.cc:108] [JOB 22] Syncing log #12
2020/03/31-04:23:24.366618 7f07fff200 (Original Log Time 2020/03/31-04:23:24.235155) [/db_impl_compaction_flush.cc:2073] Calling FlushMemTableToOutputFile with column family [usertable], flush slots available 6, compaction slots available 1, flush slots scheduled 6, compaction slots scheduled 0
2020/03/31-04:23:24.366643 7f07fff200 [/flush_job.cc:322] [usertable] [JOB 22] Flushing memtable with next log file: 12
2020/03/31-04:23:24.366654 7f07fff200 [/flush_job.cc:322] [usertable] [JOB 22] Flushing memtable with next log file: 13
2020/03/31-04:23:24.366704 7f07fff200 EVENT_LOG_v1 {"time_micros": 1585628604366690, "job": 22, "event": "flush_started", "num_memtables": 2, "num_entries": 61519, "num_deletes": 0, "total_data_size": 253642837, "memory_usage": 260095328, "flush_reason": "Write Buffer Full"}
2020/03/31-04:23:24.366714 7f07fff200 [/flush_job.cc:351] [usertable] [JOB 22] Level-0 flush table #14: started
2020/03/31-04:23:26.124381 7f07fff200 EVENT_LOG_v1 {"time_micros": 1585628606124359, "cf_name": "usertable", "job": 22, "event": "table_file_creation", "file_number": 14, "file_size": 256773703, "table_properties": {"data_size": 254504103, "index_size": 2268848, "filter_size": 0, "raw_key_size": 1476456, "raw_average_key_size": 24, "raw_value_size": 251981824, "raw_average_value_size": 4096, "num_data_blocks": 61519, "num_entries": 61519, "filter_policy_name": ""}}
2020/03/31-04:23:26.124485 7f07fff200 [/flush_job.cc:392] [usertable] [JOB 22] Level-0 flush table #14: 256773703 bytes OK
2020/03/31-04:23:26.153169 7f07fff200 (Original Log Time 2020/03/31-04:23:26.124520) [/memtable_list.cc:380] [usertable] Level-0 commit table #14 started
2020/03/31-04:23:26.153177 7f07fff200 (Original Log Time 2020/03/31-04:23:26.152964) [/memtable_list.cc:428] [usertable] Level-0 commit table #14: memtable #1 done
2020/03/31-04:23:26.153181 7f07fff200 (Original Log Time 2020/03/31-04:23:26.152975) [/memtable_list.cc:428] [usertable] Level-0 commit table #14: memtable #2 done
2020/03/31-04:23:26.153185 7f07fff200 (Original Log Time 2020/03/31-04:23:26.153025) EVENT_LOG_v1 {"time_micros": 1585628606153009, "job": 22, "event": "flush_finished", "output_compression": "NoCompression", "lsm_state": [2, 0, 0, 0, 0, 0, 0], "immutable_memtables": 0}
2020/03/31-04:23:26.153190 7f07fff200 (Original Log Time 2020/03/31-04:23:26.153094) [/db_impl_compaction_flush.cc:201] [usertable] Level summary: files[2 0 0 0 0 0 0] max score 1.00
2020/03/31-04:23:26.153211 7f07fff200 [/db_impl_files.cc:356] [JOB 22] Try to delete WAL files size 253481983, prev total WAL file size 257935844, number of live WAL files 3.
2020/03/31-04:23:26.153347 7f6afff200 [/compaction_job.cc:1645] [usertable] [JOB 26] Compacting 2@0 files to L1, score 1.00
2020/03/31-04:23:26.153382 7f6afff200 [/compaction_job.cc:1649] [usertable] Compaction start summary: Base version 4 Base level 0, inputs: [14(244MB) 11(244MB)]
2020/03/31-04:23:26.158095 7f6afff200 EVENT_LOG_v1 {"time_micros": 1585628606158029, "job": 26, "event": "compaction_started", "compaction_reason": "LevelL0FilesNum", "files_L0": [14, 11], "score": 1, "input_data_size": 513518192}
2020/03/31-04:23:27.115148 7f6afff200 [/compaction_job.cc:1332] [usertable] [JOB 26] Generated table #15: 16223 keys, 67713228 bytes
